2105090201
2105090202
2105090203
2105090204
2105090205
2105090206
2105090207
2105090208
2105090209
2105090210
2105090211
2105090212
2105090213
2105090214
2105090215
2105090216
2105090217
2105090218
2105090219
2105090220
2105090221
2105090222
2105090223
2105090224
2105090225
2105090226
2105090227
2105090228
2105090229
2105090230
2105090231
2105090232
2105090233
2105090234
2105090235
2105090236
2105090301
2105090302
2105090303
2105090304
2105090305
2105090306
2105090307
2105090308
2105090309
2105090310
2105090311
2105090312
2105090313
2105090314
2105090315
2105090316
2105090317
2105090318
2105090319
2105090320
2105090321
2105090322
2105090323
2105090324
2105090325
2105090326
2105090327
2105090328
2105090329
2105090330
2105090331
2105090332
2105090333
2105090334
2105090335
2105080232
2105080233
2105080237
2107090106
2107090108
2107090109
2107090118
2107090201
2107090202
2107090203
2107090204
2107090205
2107090206
2107090207
2107090208
2107090209
2107090210
2107090211
2107090212
2107090213
2107090214
2107090215
2107090216
2107090217
2107090218
2107090219
2107090221
2107090222
2107090223
2107090224
2107090225
2107090226
2107090227
2107090228
2107090229
2107090230
2107090231
2107090232
2107090233
2107090234
2107090235
2107090236
2107090237
2107090301
2107090302
2107090303
2107090304
2107090305
2107090306
2107090307
2107090308
2107090309
2107090310
2107090311
2107090312
2107090313
2107090314
2107090315
2107090316
2107090317
2107090318
2107090319
2107090320
2107090321
2107090322
2107090323
2107090325
2107090326
2107090327
2107090328
2107090329
2107090330
2107090331
2107090332
2107090333
2107090334
2107090335
2107090336
2107090337
2107090101
2107090102
2107090103
2107090107
2107090113
2107090115
2107090117
2107090119
2107090120
2107090121
2107090123
2107090125
2107090126
2107090130
2107090131
2101070609
2101080314
2101090101
2101090102
2101090103
2101090104
2101090105
2101090106
2101090107
2101090108
2101090109
2101090110
2101090111
2101090112
2101090113
2101090114
2101090115
2101090116
2101090117
2101090118
2101090119
2101090120
2101090121
2101090122
2101090123
2101090124
2101090125
2101090126
2101090127
2101090128
2101090129
2101090130
2101090201
2101090202
2101090203
2101090204
2101090207
2101090208
2101090209
2101090210
2101090211
2101090212
2101090213
2101090214
2101090215
2101090216
2101090217
2101090218
2101090219
2101090221
2101090222
2101090223
2101090224
2101090225
2101090226
2101090227
2101090228
2101090229
2101090230
2101090231
2101090232
2101090233
2101090234
2101090235
2101090236
2101090237
2101090238
2101090301
2101090302
2101090303
2101090304
2101090305
2101090306
2101090307
2101090308
2101090309
2101090311
2101090312
2101090313
2101090314
2101090315
2101090316
2101090317
2101090318
2101090319
2101090320
2101090321
2101090322
2101090323
2101090324
2101090325
2101090326
2101090327
2101090328
2101090329
2101090330
2101090331
2101090332
2101090333
2101090334
2101090335
2101090336
2101090337
2101090338
2101090401
2101090402
2101090403
2101090404
2101090405
2101090406
2101090407
2101090408
2101090409
2101090410
2101090411
2101090412
2101090413
2101090414
2101090415
2101090416
2101090417
2101090418
2101090419
2101090420
2101090421
2101090422
2101090423
2101090424
2101090425
2101090426
2101090427
2101090428
2101090429
2101090430
2101090431
2101090432
2101090433
2101090434
2101090435
2101090436
2101090437
2107090111
2107090122
2106080111
2106090101
2106090102
2106090103
2106090105
2106090106
2106090107
2106090108
2106090109
2106090110
2106090111
2106090112
2106090113
2106090114
2106090115
2106090116
2106090117
2106090118
2106090120
2106090121
2106090122
2106090123
2106090124
2106090125
2106090126
2106090127
2106090128
2106090129
2106090130
2106090131
2106090201
2106090202
2106090204
2106090205
2106090206
2106090207
2106090208
2106090209
2106090210
2106090211
2106090212
2106090213
2106090214
2106090215
2106090216
2106090217
2106090218
2106090219
2106090220
2106090221
2106090222
2106090223
2106090224
2106090225
2106090226
2106090227
2106090228
2106090229
2106090230
2203090140
2105090101
2105090102
2105090103
2105090104
2105090105
2105090106
2105090107
2105090108
2105090109
2105090110
2105090111
2105090112
2105090113
2105090114
2105090115
2105090117
2105090118
2105090119
2105090120
2105090121
2105090122
2105090123
2105090124
2105090125
2105090126
2105090127
2105090128
2105090129
2105090130
2105090131
2105090132
2105090133
2105090134
2105090135
2105090136
2105090137
2105090138
2105090139
2105090140
2105090141
2105090142
2105090143
2105090144
2105090145
2105090146
2105090401
2105090402
2105090403
2105090404
2105090405
2105090406
2105090407
2105090408
2105090409
2105090410
2105090411
2105090412
2105090413
2105090414
2105090415
2105090416
2105090417
2105090418
2105090419
2105090420
2105090421
2105090422
2105090423
2105090424
2105090425
2105090426
2105090427
2105090428
2105090429
2105090430
2105090431
2105090432
2105090433
2105090435
2105090436
2102080113
2102080305
2102080336
2102090101
2102090102
2102090103
2102090104
2102090105
2102090106
2102090107
2102090108
2102090109
2102090110
2102090111
2102090112
2102090113
2102090114
2102090115
2102090116
2102090117
2102090118
2102090119
2102090120
2102090121
2102090122
2102090123
2102090124
2102090125
2102090126
2102090127
2102090128
2102090129
2102090130
2102090131
2102090132
2102090133
2102090134
2102090201
2102090202
2102090203
2102090204
2102090205
2102090206
2102090207
2102090208
2102090209
2102090210
2102090211
2102090212
2102090213
2102090214
2102090215
2102090216
2102090217
2102090218
2102090219
2102090220
2102090221
2102090222
2102090223
2102090224
2102090225
2102090226
2102090227
2102090228
2102090229
2102090230
2102090231
2102090232
2102090233
2102090234
2102090301
2102090302
2102090303
2102090304
2102090305
2102090306
2102090307
2102090308
2102090309
2102090310
2102090311
2102090312
2102090313
2102090314
2102090315
2102090316
2102090317
2102090318
2102090319
2102090320
2102090321
2102090322
2102090323
2102090324
2102090325
2102090326
2102090327
2102090328
2102090329
2102090330
2102090332
2102090333
2102090334
2102090401
2102090402
2102090403
2102090404
2102090405
2102090406
2102090407
2102090408
2102090409
2102090410
2102090411
2102090412
2102090413
2102090414
2102090415
2102090416
2102090417
2102090418
2102090419
2102090420
2102090421
2102090422
2102090423
2102090424
2102090425
2102090426
2102090427
2102090428
2102090429
2102090430
2102090431
2102090432
2107090104
2107090105
2107090110
2107090114
2107090116
2107090124
2107090127
2107090128
2107090129
2103090101
2103090102
2103090103
2103090104
2103090105
2103090106
2103090107
2103090108
2103090109
2103090110
2103090111
2103090112
2103090113
2103090114
2103090115
2103090116
2103090117
2103090118
2103090119
2103090120
2103090121
2103090122
2103090123
2103090124
2103090125
2103090126
2103090127
2103090128
2103090129
2103090130
2103090131
2103090132
2103090133
2103090135
2103090136
2103090137
2103090201
2103090202
2103090203
2103090204
2103090205
2103090206
2103090207
2103090208
2103090209
2103090210
2103090211
2103090212
2103090213
2103090214
2103090215
2103090216
2103090217
2103090218
2103090219
2103090220
2103090221
2103090222
2103090223
2103090224
2103090225
2103090226
2103090227
2103090228
2103090229
2103090230
2103090231
2103090232
2103090233
2103090235
2103090236
2103090301
2103090302
2103090303
2103090304
2103090305
2103090306
2103090307
2103090308
2103090309
2103090310
2103090311
2103090312
2103090313
2103090314
2103090315
2103090316
2103090317
2103090318
2103090319
2103090320
2103090321
2103090322
2103090323
2103090324
2103090325
2103090326
2103090327
2103090328
2103090329
2103090330
2103090331
2103090332
2103090333
2103090334
2103090335
2103090336
2904090108
2103080226
2201090101
2201090102
2201090103
2201090104
2201090217
2201090107
2201090109
2201090110
2201090111
2201090112
2201090113
2201090114
2201090115
2201090116
2201090118
2201090119
2201090120
2201090121
2201090122
2201090123
2201090124
2201090125
2201090126
2201090127
2201090128
2201090129
2201090130
2201090131
2201090201
2201090202
2201090203
2201090204
2201090205
2201090206
2201090207
2201090208
2201090209
2201090210
2201090211
2201090212
2201090213
2201090214
2201090215
2201090216
2201090105
2201090218
2201090219
2201090220
2201090221
2201090222
2201090223
2201090224
2201090225
2201090226
2201090227
2201090228
2201090229
2201090230
2201090231
2201090301
2201090302
2201090303
2201090304
2201090305
2201090306
2201090307
2201090308
2201090309
2201090310
2201090311
2201090312
2201090313
2201090315
2201090316
2201090317
2201090318
2201090319
2201090320
2201090321
2201090322
2201090323
2201090324
2201090325
2201090326
2201090327
2201090328
2201090329
2201090402
2201090401
2201090330
2201090403
2201090404
2201090406
2201090407
2201090408
2201090409
2201090410
2201090411
2201090412
2201090413
2201090414
2201090415
2201090416
2201090417
2201090418
2201090419
2201090420
2201090421
2201090422
2201090423
2201090424
2201090425
2201090426
2201090427
2201090428
2201090429
2201090430
2201090501
2201090502
2201090503
2201090504
2201090505
2201090506
2201090507
2201090508
2201090509
2201090510
2201090511
2201090512
2201090513
2201090514
2201090515
2201090516
2201090517
2201090518
2201090519
2201090520
2201090521
2201090522
2201090523
2201090524
2201090525
2201090526
2201090527
2201090528
2201090529
2201090530
2202090112
2204090220
2201080224
2201090106
2203080130
2203090101
2203090102
2203090103
2203090104
2203090105
2203090106
2203090107
2203090108
2203090109
2203090110
2203090111
2203090112
2203090113
2203090114
2203090115
2203090116
2203090117
2203090118
2203090119
2203090120
2203090121
2203090122
2203090123
2203090124
2203090125
2203090126
2203090127
2203090128
2203090129
2203090130
2203090131
2203090132
2203090133
2203090134
2203090135
2203090136
2203090137
2203090138
2203090139
2206080226
2206090101
2206090102
2206090103
2206090104
2206090105
2206090106
2206090107
2206090108
2206090109
2206090110
2206090111
2206090112
2206090113
2206090114
2206090115
2206090116
2206090117
2206090118
2206090119
2206090120
2206090121
2206090122
2206090123
2206090124
2206090125
2206090126
2206090127
2206090128
2206090130
2206090131
2206090132
2206090133
2206090134
2206090135
2206090136
2206090137
2206090138
2206090139
2206090140
2106090119
2106090203
2201090314
2201090405
2202070118
2202090101
2202090102
2202090103
2202090104
2202090105
2202090106
2202090107
2202090108
2202090109
2202090110
2202090111
2202090113
2202090114
2202090115
2202090116
2202090117
2202090118
2202090119
2202090120
2202090121
2202090122
2202090123
2202090124
2202090125
2202090126
2202090127
2202090128
2202090129
2202090130
2202090131
2202090201
2202090202
2202090203
2202090204
2202090205
2202090206
2202090207
2202090208
2202090209
2202090210
2202090211
2202090212
2202090213
2202090214
2202090215
2202090216
2202090217
2202090218
2202090219
2202090220
2202090221
2202090222
2202090223
2202090224
2202090225
2202090226
2202090227
2202090228
2202090229
2202090230
2202090301
2202090302
2202090303
2202090304
2202090305
2202090306
2202090307
2202090308
2202090309
2202090310
2202090311
2202090312
2202090313
2202090314
2202090315
2202090316
2202090317
2202090318
2202090319
2202090320
2202090321
2202090322
2202090323
2202090324
2202090326
2202090327
2202090328
2202090329
2202090401
2202090402
2202090403
2202090404
2202090405
2202090406
2202090407
2202090408
2202090409
2202090410
2202090411
2202090412
2202090413
2202090414
2202090415
2202090416
2202090417
2202090418
2202090419
2202090420
2202090421
2202090422
2202090423
2202090424
2202090425
2202090426
2202090427
2202090428
2202090429
2202090430
2204090104
2205090102
2206090129
2207090110
2207090223
2406090202
2407090109
2504090214
2504090423
2504090625
2504090919
2505090216
2505090229
2506090204
2506090224
2602090126
2605090103
2605090126
2607090220
2607090223
2801091021
3102090418
3105090515
3205090126
2205090101
2205090103
2205090104
2205090105
2205090106
2205090107
2205090108
2205090109
2205090110
2205090111
2205090112
2205090113
2205090114
2205090115
2205090116
2205090117
2205090118
2205090119
2205090120
2205090121
2205090122
2205090123
2205090125
2205090126
2205090127
2205090128
2205090129
2205090130
2205090131
2205090133
2205090134
2205090135
2205090136
2205090137
2205090138
2205090139
2205090140
2205090202
2205090203
2205090204
2205090205
2205090206
2205090207
2205090208
2205090209
2205090210
2205090211
2205090212
2205090213
2205090214
2205090215
2205090216
2205090217
2205090219
2205090221
2205090222
2205090223
2205090224
2205090225
2205090226
2205090227
2205090228
2205090229
2205090230
2205090231
2205090232
2205090233
2205090234
2205090235
2205090236
2205090237
2205090238
2205090239
2205090240
2204090101
2204090102
2204090103
2204090106
2204090107
2204090108
2204090109
2204090110
2204090111
2204090112
2204090113
2204090114
2204090115
2204090116
2204090117
2204090118
2204090119
2204090120
2204090122
2204090123
2204090124
2204090125
2204090126
2204090127
2204090128
2204090129
2204090130
2204090131
2204090132
2204090133
2204090135
2204090136
2204090137
2204090201
2204090203
2204090205
2204090206
2204090207
2204090208
2204090209
2204090210
2204090211
2204090212
2204090213
2204090214
2204090215
2204090216
2204090217
2204090218
2204090219
2204090221
2204090222
2204090223
2204090224
2204090225
2204090226
2204090227
2204090228
2204090229
2204090230
2204090231
2204090232
2204090233
2204090234
2204090235
2204090236
2207080230
2207090101
2207090102
2207090103
2207090104
2207090105
2207090106
2207090107
2207090108
2207090109
2207090111
2207090112
2207090113
2207090114
2207090115
2207090116
2207090117
2207090118
2207090119
2207090120
2207090121
2207090122
2207090123
2207090124
2207090125
2207090126
2207090127
2207090128
2207090129
2207090130
2207090131
2207090132
2207090134
2207090135
2207090136
2207090137
2207090138
2207090139
2207090140
2207090201
2207090202
2207090203
2207090204
2207090205
2207090206
2207090207
2207090208
2207090209
2207090210
2207090211
2207090212
2207090213
2207090214
2207090215
2207090216
2207090217
2207090218
2207090219
2207090220
2207090221
2207090222
2207090224
2207090225
2207090226
2207090227
2207090228
2207090230
2207090231
2207090232
2207090233
2207090234
2207090235
2207090236
2207090238
2207090239
2207091033
2501090101
2501090102
2501090103
2501090104
2501090105
2501090106
2501090107
2501090108
2501090109
2501090110
2501090111
2501090112
2501090113
2501090114
2501090115
2501090117
2501090118
2501090119
2501090120
2501090121
2501090122
2501090123
2501090124
2501090125
2501090126
2501090127
2501090128
2501090129
2501090130
2501090131
2501090132
2501090133
2505080106
2505080310
2505090101
2505090102
2505090103
2505090104
2505090105
2505090106
2505090107
2505090108
2505090109
2505090110
2505090111
2505090112
2505090113
2505090114
2505090115
2505090116
2505090117
2505090118
2505090119
2505090121
2505090122
2505090123
2505090124
2505090125
2505090126
2505090127
2505090128
2505090129
2505090130
2505090131
2505090132
2505090133
2505090134
2505090135
2505090136
2505090137
2505090201
2505090202
2505090203
2505090204
2505090205
2505090206
2505090207
2505090208
2505090209
2505090210
2505090211
2505090212
2505090213
2505090214
2505090215
2505090217
2505090218
2505090219
2505090220
2505090221
2505090222
2505090223
2505090224
2505090225
2505090226
2505090227
2505090228
2505090230
2505090231
2505090232
2505090233
2505090234
2505090235
2505090236
2505090237
2505090301
2505090302
2505090303
2505090304
2505090305
2505090306
2505090307
2505090308
2505090309
2505090311
2505090312
2505090313
2505090314
2505090316
2505090317
2505090318
2505090319
2505090320
2505090321
2505090322
2505090323
2505090324
2505090326
2505090327
2505090328
2505090329
2505090330
2505090331
2505090332
2505090333
2505090334
2505090335
2505090336
2505080223
2504080711
2504080133
2504080331
2504080635
2504080710
2504080712
2504080734
2504080736
2504080813
2504080931
2504090101
2504090102
2504090103
2504090104
2504090105
2504090106
2504090107
2504090108
2504090109
2504090110
2504090111
2504090112
2504090113
2504090114
2504090115
2504090116
2504090117
2504090118
2504090119
2504090121
2504090122
2504090123
2504090124
2504090125
2504090126
2504090127
2504090128
2504090129
2504090130
2504090131
2504090132
2504090133
2504090134
2504090135
2504090201
2504090202
2504090203
2504090204
2504090205
2504090206
2504090207
2504090208
2504090209
2504090210
2504090211
2504090212
2504090213
2504090215
2504090216
2504090217
2504090218
2504090219
2504090220
2504090221
2504090222
2504090223
2504090224
2504090225
2504090226
2504090227
2504090228
2504090231
2504090232
2504090233
2504090234
2504090235
2504090301
2504090302
2504090303
2504090304
2504090305
2504090306
2504090307
2504090308
2504090309
2504090310
2504090311
2504090312
2504090313
2504090314
2504090315
2504090316
2504090317
2504090318
2504090319
2504090320
2504090321
2504090322
2504090323
2504090324
2504090325
2504090326
2504090327
2504090328
2504090329
2504090330
2504090331
2504090332
2504090333
2504090334
2504090335
2504090401
2504090402
2504090403
2504090404
2504090405
2504090406
2504090407
2504090408
2504090409
2504090410
2504090411
2504090412
2504090413
2504090414
2504090415
2504090417
2504090418
2504090419
2504090420
2504090421
2504090422
2504090424
2504090425
2504090426
2504090427
2504090428
2504090429
2504090430
2504090431
2504090432
2504090433
2504090434
2504090435
2504090501
2504090503
2504090504
2504090505
2504090506
2504090507
2504090508
2504090509
2504090510
2504090511
2504090512
2504090513
2504090514
2504090515
2504090516
2504090517
2504090518
2504090519
2504090520
2504090521
2504090522
2504090524
2504090525
2504090526
2504090527
2504090528
2504090529
2504090530
2504090531
2504090532
2504090533
2504090534
2504090535
2504090601
2504090602
2504090603
2504090604
2504090605
2504090606
2504090607
2504090608
2504090609
2504090610
2504090611
2504090612
2504090613
2504090614
2504090615
2504090616
2504090617
2504090618
2504090619
2504090620
2504090621
2504090622
2504090623
2504090624
2504090626
2504090627
2504090628
2504090629
2504090630
2504090631
2504090632
2504090633
2504090634
2504090635
2504090701
2504090702
2504090703
2504090704
2504090705
2504090706
2504090707
2504090708
2504090709
2504090710
2504090711
2504090712
2504090713
2504090714
2504090715
2504090716
2504090717
2504090718
2504090719
2504090720
2504090721
2504090723
2504090724
2504090725
2504090726
2504090727
2504090728
2504090729
2504090730
2504090731
2504090732
2504090733
2504090734
2504090735
2504090801
2504090802
2504090803
2504090804
2504090805
2504090806
2504090807
2504090808
2504090809
2504090810
2504090811
2504090812
2504090813
2504090814
2504090815
2504090816
2504090818
2504090819
2504090820
2504090821
2504090822
2504090823
2504090824
2504090825
2504090826
2504090827
2504090828
2504090829
2504090830
2504090832
2504090833
2504090834
2504090835
2504090836
2504090901
2504090902
2504090903
2504090904
2504090905
2504090906
2504090907
2504090908
2504090909
2504090910
2504090911
2504090913
2504090914
2504090915
2504090916
2504090918
2504090920
2504090921
2504090922
2504090923
2504090924
2504090925
2504090926
2504090927
2504090928
2504090929
2504090931
2504090932
2504090933
2504090934
2504091001
2504091002
2504091003
2504091004
2504091005
2504091006
2504091007
2504091008
2504091009
2504091010
2504091011
2504091012
2504091013
2504091014
2504091015
2504091016
2504091017
2504091018
2504091019
2504091020
2504091021
2504091022
2504091023
2504091024
2504091025
2504091026
2504091027
2504091028
2504091029
2504091030
2504091031
2504091032
2504091033
2504091034
2504091035
2504090120
2504090523
2506090101
2506090102
2506090103
2506090104
2506090105
2506090106
2506090107
2506090108
2506090109
2506090110
2506090111
2506090112
2506090113
2506090114
2506090115
2506090116
2506090117
2506090118
2506090119
2506090121
2506090122
2506090123
2506090124
2506090125
2506090126
2506090127
2506090128
2506090129
2506090130
2506090131
2506090132
2506090133
2506090134
2506090135
2506090201
2506090202
2506090203
2506090205
2506090206
2506090207
2506090208
2506090209
2506090210
2506090211
2506090212
2506090213
2506090214
2506090215
2506090216
2506090217
2506090218
2506090219
2506090220
2506090221
2506090222
2506090223
2506090225
2506090226
2506090227
2506090228
2506090229
2506090230
2506090231
2506090232
2506090233
2506090234
2506090235
2309080107
2309090101
2309090102
2309090103
2309090104
2309090105
2309090106
2309090107
2309090108
2309090109
2309090110
2309090111
2309090112
2309090113
2309090114
2309090115
2309090116
2309090117
2309090118
2309090119
2309090120
2309090121
2309090122
2309090123
2309090124
2309090125
2309090126
2309090127
2309090128
2309090129
2309090130
2309090131
2309090132
2309090133
2309090134
2309090135
2309090136
2306090101
2306090102
2306090103
2306090104
2306090106
2306090107
2306090108
2306090109
2306090110
2306090111
2306090112
2306090113
2306090114
2306090115
2306090116
2306090117
2306090118
2306090119
2306090120
2306090121
2306090122
2306090123
2306090124
2306090125
2306090126
2306090127
2306090128
2306090129
2306090130
2306090131
2306090132
2306090133
2306090134
2306090135
2306090136
2306090137
2302080129
2302090101
2302090102
2302090103
2302090104
2302090105
2302090106
2302090107
2302090108
2302090109
2302090110
2302090111
2302090112
2302090113
2302090114
2302090116
2302090117
2302090118
2302090119
2302090120
2302090121
2302090122
2302090123
2302090124
2302090125
2302090126
2302090127
2302090128
2302090129
2302090130
2302090131
2302090132
2302090133
2302090134
2302090135
2302090136
2302090137
2308090101
2308090102
2308090103
2308090104
2308090105
2308090106
2308090107
2308090108
2308090109
2308090110
2308090111
2308090112
2308090113
2308090114
2308090115
2308090116
2308090117
2308090118
2308090119
2308090120
2308090121
2308090122
2308090123
2308090124
2308090125
2308090126
2308090127
2308090128
2308090129
2308090130
2308090131
2308090132
2308090133
2308090134
2308090135
2308090136
2308090137
2308090138
2308090139
1101090121
2303090102
2303090103
2303090104
2303090105
2303090106
2303090107
2303090108
2303090109
2303090110
2303090111
2303090112
2303090113
2303090114
2303090115
2303090116
2303090117
2303090119
2303090120
2303090121
2303090122
2303090123
2303090124
2303090125
2303090126
2303090127
2303090128
2303090129
2303090130
2303090131
2303090201
2303090202
2303090203
2303090204
2303090205
2303090206
2303090207
2303090208
2303090209
2303090210
2303090211
2303090212
2303090213
2303090214
2303090215
2303090216
2303090217
2303090218
2303090219
2303090220
2303090221
2303090222
2303090223
2303090224
2303090225
2303090226
2303090227
2303090228
2303090229
2303090230
2303090231
2303090301
2303090302
2303090303
2303090304
2303090305
2303090306
2303090307
2303090308
2303090309
2303090310
2303090311
2303090312
2303090313
2303090314
2303090315
2303090316
2303090317
2303090318
2303090319
2303090320
2303090321
2303090322
2303090323
2303090324
2303090325
2303090326
2303090327
2303090328
2303090401
2303090402
2303090403
2303090404
2303090405
2303090406
2303090407
2303090408
2303090409
2303090410
2303090411
2303090412
2303090413
2303090414
2303090415
2303090417
2303090418
2303090419
2303090420
2303090421
2303090422
2303090423
2303090424
2303090425
2303090426
2303090427
2303090428
2301080328
2301090101
2301090102
2301090103
2301090104
2301090105
2301090106
2301090107
2301090108
2301090109
2301090111
2301090112
2301090114
2301090115
2301090116
2301090117
2301090118
2301090119
2301090120
2301090121
2301090122
2301090123
2301090124
2301090125
2301090126
2301090127
2301090128
2301090129
2301090130
2301090131
2301090132
2301090133
2301090134
2301090135
2301090136
2301090201
2301090202
2301090203
2301090204
2301090205
2301090206
2301090207
2301090208
2301090209
2301090210
2301090211
2301090212
2301090213
2301090214
2301090215
2301090216
2301090217
2301090218
2301090219
2301090221
2301090222
2301090223
2301090224
2301090225
2301090226
2301090227
2301090228
2301090229
2301090230
2301090231
2301090232
2301090233
2301090234
2301090235
2301090236
2301090301
2301090302
2301090303
2301090304
2301090305
2301090306
2301090307
2301090308
2301090309
2301090310
2301090311
2301090312
2301090313
2301090314
2301090315
2301090316
2301090317
2301090318
2301090319
2301090320
2301090321
2301090322
2301090323
2301090324
2301090325
2301090326
2301090327
2301090328
2301090329
2301090330
2301090331
2301090332
2301090333
2301090334
2301090335
2304090101
2304090102
2304090103
2304090104
2304090105
2304090106
2304090107
2304090108
2304090109
2304090110
2304090111
2304090112
2304090113
2304090114
2304090115
2304090116
2304090117
2304090118
2304090119
2304090120
2304090121
2304090122
2304090123
2304090124
2304090125
2304090126
2304090127
2304090128
2304090129
2304090130
2304090131
2304090132
2304090133
2304090134
2304090135
2304090136
2304090137
2304090138
2304090139
2307070238
2307090101
2307090103
2307090104
2307090105
2307090106
2307090107
2307090108
2307090109
2307090110
2307090111
2307090112
2307090113
2307090114
2307090115
2307090116
2307090117
2307090118
2307090119
2307090120
2307090121
2307090122
2307090123
2307090124
2307090125
2307090126
2307090127
2307090128
2307090129
2307090130
2307090131
2307090132
2307090133
2307090134
2307090135
2307090201
2307090203
2307090204
2307090205
2307090206
2307090207
2307090208
2307090210
2307090211
2307090212
2307090213
2307090214
2307090215
2307090216
2307090217
2307090218
2307090219
2307090220
2307090221
2307090222
2307090223
2307090224
2307090225
2307090226
2307090227
2307090228
2307090229
2307090230
2307090231
2307090232
2307090233
2307090234
2904090106
3204080126
3204090101
3204090102
3204090103
3204090104
3204090105
3204090106
3204090107
3204090108
3204090109
3204090110
3204090111
3204090112
3204090113
3204090114
3204090115
3204090116
3204090117
3204090118
3204090119
3204090120
3204090121
3204090122
3204090123
3204090124
3204090125
3204090126
3204090127
3204090128
3204090129
3204090133
3204090132
3204090131
3204090136
3204090135
3204090134
3204090137
3204090138
3204090139
3204090140
3204090141
3204090142
3204090201
3204090202
3204090203
3204090204
3204090205
3204090206
3204090207
3204090208
3204090209
3204090210
3204090211
3204090212
3204090213
3204090215
3204090216
3204090217
3204090218
3204090219
3204090220
3204090221
3204090222
3204090223
3204090224
3204090225
3204090226
3204090227
3204090229
3204090230
3204090231
3204090232
3204090233
3204090234
3204090235
3204090236
3204090237
3204090238
3204090239
3204090240
3204090241
3204090242
3205090101
3205090102
3205090103
3205090104
3205090105
3205090106
3205090107
3205090108
3205090109
3205090110
3205090111
3205090112
3205090113
3205090114
3205090115
3205090116
3205090117
3205090119
3205090118
3205090120
3205090121
3205090122
3205090123
3205090124
3205090125
3205090127
3205090128
3205090129
3205090130
3205090132
3205090133
3205090134
3205090135
3205090136
3205090137
3205090138
3205090139
3205090140
3205090141
3205090201
3205090202
3205090203
3205090204
3205090205
3205090206
3205090207
3205090208
3205090209
3205090210
3205090211
3205090212
3205090213
3205090214
3205090215
3205090216
3205090217
3205090218
3205090219
3205090220
3205090221
3205090222
3205090223
3205090224
3205090225
3205090226
3205090227
3205090228
3205090229
3205090230
3205090231
3205090232
3205090233
3205090234
3205090235
3205090236
3205090237
3205090238
3205090239
3206090101
3206090103
3206090104
3206090105
3206090106
3206090107
3206090108
3206090109
3206090110
3206090111
3206090112
3206090113
3206090114
3206090115
3206090116
3206090117
3206090118
3206090119
3206090120
3206090121
3206090122
3206090123
3206090124
3206090125
3206090126
3206090127
3206090128
3206090129
3206090130
3206090131
3206090132
3206090133
3206090134
3206090135
3206090136
3206090137
3206090138
3206090139
3206090140
3206090201
3206090202
3206090203
3206090204
3206090205
3206090206
3206090207
3206090208
3206090209
3206090210
3206090211
3206090212
3206090213
3206090214
3206090215
3206090216
3206090218
3206090219
3206090220
3206090221
3206090222
3206090223
3206090224
3206090225
3206090226
3206090227
3206090228
3206090229
3206090230
3206090231
3206090232
3206090233
3206090234
3206090235
3206090236
3206090237
3206090238
3206090239
3206090240
3201070323
3201090101
3201090102
3201090103
3201090104
3201090105
3201090106
3201090107
3201090108
3201090109
3201090110
3201090111
3201090112
3201090113
3201090114
3201090115
3201090116
3201090118
3201090119
3201090120
3201090121
3201090122
3201090123
3201090124
3201090125
3201090126
3201090127
3201090128
3201090129
3201090130
3201090131
3201090132
3201090133
3201090134
3201090135
3201090136
3201090137
3201090138
3201090139
3201090201
3201090203
3201090204
3201090205
3201090206
3201090207
3201090208
3201090209
3201090210
3201090211
3201090212
3201090213
3201090214
3201090215
3201090216
3201090217
3201090218
3201090219
3201090220
3201090221
3201090222
3201090223
3201090224
3201090225
3201090226
3201090227
3201090228
3201090229
3201090230
3201090232
3201090233
3201090234
3201090235
3201090236
3201090237
3201090238
3201090239
3201090301
3201090302
3201090303
3201090304
3201090305
3201090306
3201090308
3201090309
3201090310
3201090311
3201090312
3201090313
3201090314
3201090315
3201090316
3201090317
3201090319
3201090320
3201090321
3201090322
3201090323
3201090324
3201090325
3201090326
3201090327
3201090328
3201090329
3201090330
3201090331
3201090332
3201090333
3201090334
3201090335
3201090336
3201090337
3201090338
3201090340
3201090401
3201090402
3201090403
3201090404
3201090405
3201090406
3201090407
3201090408
3201090409
3201090410
3201090411
3201090412
3201090413
3201090414
3201090415
3201090417
3201090418
3201090419
3201090421
3201090422
3201090423
3201090424
3201090425
3201090426
3201090428
3201090429
3201090430
3201090432
3201090433
3201090434
3201090435
3201090436
3201090437
3201090438
3201090439
3201090431
2403090102
2403090103
2403090104
2403090105
2403090106
2403090107
2403090108
2403090109
2403090110
2403090111
2403090112
2403090113
2403090114
2403090115
2403090116
2403090117
2403090118
2403090119
2403090120
2403090121
2403090122
2403090123
2403090124
2403090125
2403090126
2403090127
2403090128
2403090129
2403090130
2403090131
2403090132
2403090133
2403090134
2403090135
2403090136
2403090137
2403090138
2403090139
2403090140
2403090201
2403090202
2403090203
2403090204
2403090205
2403090206
2403090207
2403090208
2403090209
2403090210
2403090211
2403090212
2403090214
2403090215
2403090216
2403090217
2403090218
2403090219
2403090220
2403090221
2403090222
2403090223
2403090224
2403090225
2403090226
2403090227
2403090228
2403090229
2403090230
2403090231
2403090233
2403090234
2403090235
2403090236
2403090237
2403090238
2403090239
2403090240
2402080113
2402080223
2402090101
2402090102
2402090103
2402090104
2402090105
2402090106
2402090107
2402090108
2402090109
2402090110
2402090111
2402090112
2402090113
2402090114
2402090115
2402090116
2402090117
2402090118
2402090119
2402090120
2402090121
2402090122
2402090123
2402090124
2402090130
2402090126
2402090127
2402090125
2402090129
2402090128
2402090201
2402090202
2402090203
2402090204
2402090205
2402090206
2402090207
2402090208
2402090211
2402090212
2402090213
2402090214
2402090215
2402090216
2402090217
2402090218
2402090220
2402090221
2402090222
2402090223
2402090224
2402090225
2402090226
2402090227
2402090228
2402090229
2402090301
2402090302
2402090303
2402090304
2402090305
2402090306
2402090307
2402090308
2402090309
2402090310
2402090311
2402090312
2402090313
2402090314
2402090315
2402090316
2402090317
2402090318
2402090320
2402090321
2402090322
2402090323
2402090324
2402090325
2402090326
2402090327
2402090328
2402090401
2402090402
2402090403
2402090404
2402090405
2402090406
2402090407
2402090408
2402090409
2402090410
2402090411
2402090412
2402090413
2402090414
2402090415
2402090416
2402090417
2402090418
2402090419
2402090420
2402090421
2402090422
2402090423
2402090424
2402090425
2402090426
2402090427
2402090428
2406080408
2406080409
2406090102
2406090103
2406090104
2406090105
2406090106
2406090107
2406090108
2406090109
2406090110
2406090111
2406090112
2406090113
2406090114
2406090115
2406090116
2406090117
2406090118
2406090119
2406090120
2406090121
2406090122
2406090123
2406090124
2406090125
2406090126
2406090127
2406090128
2406090201
2406090203
2406090204
2406090205
2406090206
2406090207
2406090208
2406090209
2406090210
2406090212
2406090213
2406090214
2406090215
2406090216
2406090217
2406090218
2406090219
2406090221
2406090222
2406090223
2406090224
2406090225
2406090226
2406090227
2406090228
2406090301
2406090302
2406090303
2406090304
2406090305
2406090306
2406090307
2406090308
2406090310
2406090311
2406090312
2406090313
2406090314
2406090316
2406090317
2406090319
2406090320
2406090321
2406090322
2406090323
2406090324
2406090325
2406090326
2406090327
2406090328
2406090401
2406090402
2406090403
2406090405
2406090406
2406090407
2406090408
2406090409
2406090410
2406090411
2406090412
2406090413
2406090414
2406090415
2406090416
2406090417
2406090418
2406090419
2406090420
2406090421
2406090422
2406090423
2406090424
2406090425
2406090426
2406090427
2406090428
2404080137
2404080223
2404090102
2404090103
2404090104
2404090105
2404090106
2404090107
2404090108
2404090109
2404090110
2404090111
2404090113
2404090114
2404090115
2404090116
2404090117
2404090118
2404090119
2404090120
2404090121
2404090122
2404090123
2404090124
2404090125
2404090126
2404090127
2404090128
2404090129
2404090130
2404090131
2404090133
2404090134
2404090135
2404090136
2404090137
2404090138
2404090139
2404090140
2404090141
2404090201
2404090202
2404090203
2404090204
2404090205
2404090206
2404090207
2404090208
2404090209
2404090210
2404090211
2404090212
2404090213
2404090214
2404090215
2404090216
2404090217
2404090218
2404090219
2404090220
2404090221
2404090222
2404090223
2404090224
2404090225
2404090226
2404090227
2404090228
2404090229
2404090230
2404090231
2404090232
2404090233
2404090234
2404090235
2404090236
2404090237
2404090238
2404090239
2404090240
2407090101
2407090102
2407090103
2407090104
2407090105
2407090106
2407090107
2407090108
2407090110
2407090111
2407090112
2407090113
2407090114
2407090115
2407090116
2407090117
2407090118
2407090119
2407090120
2407090121
2407090122
2407090123
2407090124
2407090125
2407090126
2407090127
2407090128
2407090129
2407090130
2407090131
2407090132
2407090133
2407090134
2407090135
2607090101
2607090102
2607090103
2607090104
2607090105
2607090106
2607090107
2607090108
2607090109
2607090110
2607090111
2607090112
2607090113
2607090114
2607090115
2607090116
2607090117
2607090118
2607090119
2607090120
2607090121
2607090122
2607090123
2607090124
2607090125
2607090126
2607090127
2607090128
2607090129
2607090130
2607090131
2607090132
2607090133
2607090134
2607090135
2607090136
2607090137
2607090201
2607090202
2607090203
2607090204
2607090205
2607090206
2607090207
2607090208
2607090209
2607090210
2607090211
2607090212
2607090213
2607090214
2607090215
2607090216
2607090217
2607090218
2607090219
2607090221
2607090222
2607090224
2607090225
2607090226
2607090227
2607090228
2607090229
2607090230
2607090231
2607090232
2607090233
2607090234
2607090235
2607090236
2604090101
2604090102
2604090103
2604090104
2604090105
2604090106
2604090107
2604090108
2604090109
2604090110
2604090111
2604090112
2604090113
2604090114
2604090115
2604090116
2604090117
2604090118
2604090119
2604090120
2604090121
2604090122
2604090123
2604090124
2604090125
2604090126
2604090127
2604090128
2604090129
2604090130
2604090131
2604090132
2604090133
2604090134
2604090201
2604090202
2604090203
2604090204
2604090205
2604090206
2604090207
2604090208
2604090209
2604090210
2604090211
2604090212
2604090213
2604090214
2604090215
2604090216
2604090217
2604090218
2604090219
2604090220
2604090221
2604090222
2604090223
2604090224
2604090225
2604090226
2604090227
2604090228
2604090230
2604090231
2604090232
2604090233
2604090234
2604090301
2604090302
2604090303
2604090304
2604090305
2604090306
2604090307
2604090308
2604090309
2604090310
2604090311
2604090312
2604090313
2604090314
2604090315
2604090316
2604090317
2604090318
2604090319
2604090320
2604090321
2604090322
2604090323
2604090324
2604090325
2604090327
2604090328
2604090329
2604090330
2604090331
2604090332
2604090333
2604090334
2605080117
2605090101
2605090102
2605090104
2605090105
2605090106
2605090107
2605090108
2605090109
2605090110
2605090111
2605090112
2605090113
2605090114
2605090115
2605090116
2605090117
2605090118
2605090119
2605090120
2605090121
2605090122
2605090123
2605090124
2605090125
2605090127
2605090128
2605090129
2605090130
2605090131
2605090132
2605090133
2605090134
2605090135
2603090101
2603090102
2603090103
2603090104
2603090106
2603090107
2603090108
2603090109
2603090110
2603090111
2603090112
2603090113
2603090114
2603090115
2603090116
2603090118
2603090119
2603090120
2603090121
2603090122
2603090123
2603090124
2603090125
2603090126
2603090127
2603090128
2603090129
2603090130
2603090131
2603090132
2603090134
2603090135
2603090136
2603090137
2603090138
2603090139
2603090140
2601080225
2601080226
2601080229
2601080232
2601090101
2601090102
2601090103
2601090104
2601090105
2601090106
2601090107
2601090108
2601090109
2601090110
2601090111
2601090112
2601090113
2601090114
2601090115
2601090116
2601090117
2601090118
2601090119
2601090120
2601090121
2601090122
2601090123
2601090124
2601090125
2601090126
2601090127
2601090128
2601090129
2601090130
2601090131
2601090132
2601090133
2601090134
2601090135
2601090136
2601090137
2601090201
2601090202
2601090203
2601090204
2601090205
2601090206
2601090207
2601090208
2601090209
2601090210
2601090211
2601090212
2601090213
2601090214
2601090215
2601090217
2601090218
2601090219
2601090220
2601090221
2601090222
2601090223
2601090224
2601090225
2601090226
2601090227
2601090228
2601090229
2601090230
2601090232
2601090233
2601090234
2601090235
2601090236
2601090237
2601090401
2601090402
2601090403
2601090404
2601090405
2601090406
2601090407
2601090408
2601090409
2601090410
2601090411
2601090412
2601090413
2601090414
2601090415
2601090416
2601090417
2601090418
2601090419
2601090420
2601090421
2601090422
2601090423
2601090424
2601090425
2601090426
2601090427
2601090428
2601090429
2601090430
2602080119
2602090101
2602090102
2602090103
2602090104
2602090105
2602090106
2602090107
2602090108
2602090109
2602090110
2602090111
2602090112
2602090113
2602090114
2602090115
2602090116
2602090117
2602090118
2602090119
2602090120
2602090121
2602090122
2602090123
2602090124
2602090125
2602090127
2602090128
2602090129
2602090130
2602090131
2602090132
2602090133
2602090201
2602090202
2602090203
2602090204
2602090205
2602090206
2602090207
2602090208
2602090209
2602090210
2602090211
2602090212
2602090213
2602090214
2602090216
2602090217
2602090218
2602090219
2602090220
2602090221
2602090222
2602090223
2602090224
2602090225
2602090226
2602090228
2602090229
2602090230
2602090231
2602090232
2602080226
2601090301
2601090302
2601090303
2601090304
2601090305
2601090306
2601090308
2601090309
2601090310
2601090311
2601090312
2601090313
2601090314
2601090315
2601090316
2601090317
2601090318
2601090319
2601090320
2601090321
2601090322
2601090323
2601090324
2601090325
2601090326
2601090327
2601090328
2601090329
2601090330
2601090331
2601090332
2601090333
2601090334
2601090335
2601090336
2601090337
2601090338
2601090339
2601090340
2606090102
2606090103
2606090104
2606090105
2606090106
2606090107
2606090108
2606090109
2606090110
2606090111
2606090112
2606090113
2606090114
2606090115
2606090116
2606090117
2606090118
2606090119
2606090120
2606090121
2606090122
2606090123
2606090124
2606090125
2606090126
2606090127
2606090128
2606090129
2606090130
2606090131
2606090132
2606090133
2606090134
2606090135
2606090136
2708090101
2708090102
2708090103
2708090104
2708090105
2708090106
2708090107
2708090108
2708090109
2708090110
2708090111
2708090112
2708090113
2708090114
2708090115
2708090116
2708090117
2708090118
2708090119
2708090120
2708090121
2708090122
2708090123
2708090124
2708090125
2708090126
2708090127
2708090128
2708090129
2708090130
2708090131
2708090132
2708090133
2708090134
2708090135
2701080225
2701090101
2701090102
2701090103
2701090104
2701090105
2701090106
2701090107
2701090108
2701090109
2701090110
2701090111
2701090112
2701090113
2701090114
2701090115
2701090116
2701090117
2701090118
2701090119
2701090120
2701090121
2701090122
2701090123
2701090124
2701090125
2701090126
2701090127
2701090128
2701090129
2701090130
2701090131
2701090132
2701090133
2701090134
2701090135
2701090201
2701090202
2701090203
2701090204
2701090205
2701090206
2701090207
2701090208
2701090209
2701090214
2701090211
2701090212
2701090213
2701090210
2701090215
2701090216
2701090217
2701090218
2701090219
2701090220
2701090221
2701090222
2701090224
2701090225
2701090226
2701090227
2701090228
2701090229
2701090230
2701090231
2701090232
2701090233
2701090234
2701090235
2706080115
2706090101
2706090102
2706090103
2706090104
2706090105
2706090106
2706090107
2706090108
2706090109
2706090110
2706090111
2706090112
2706090113
2706090114
2706090115
2706090116
2706090117
2706090118
2706090119
2706090120
2706090121
2706090122
2706090123
2706090124
2706090125
2706090126
2706090127
2706090128
2706090129
2709080121
2709090101
2709090102
2709090103
2709090104
2709090105
2709090107
2709090108
2709090109
2709090110
2709090111
2709090112
2709090113
2709090114
2709090115
2709090116
2709090117
2709090118
2709090119
2709090120
2709090121
2709090122
2709090123
2709090124
2709090125
2709090126
2709090127
2709090128
2709090129
2709090130
2709090131
2707090101
2707090102
2707090103
2707090104
2707090105
2707090107
2707090108
2707090109
2707090110
2707090111
2707090112
2707090113
2707090114
2707090115
2707090116
2707090117
2707090118
2707090119
2707090120
2707090121
2707090122
2707090123
2707090124
2707090125
2707090126
2707090127
2707090128
2707090129
2707090130
2707090131
2707090132
2707090133
2707090134
2707090135
2702090101
2702090102
2702090103
2702090104
2702090105
2702090107
2702090108
2702090110
2702090111
2702090112
2702090113
2702090114
2702090115
2702090116
2702090117
2702090118
2702090119
2702090120
2702090121
2702090122
2702090123
2702090124
2702090125
2702090126
2702090127
2702090128
2702090129
2702090130
2702090131
2702090132
2702090133
2702090134
2702090135
2702090201
2702090202
2702090203
2702090205
2702090206
2702090207
2702090208
2702090209
2702090211
2702090212
2702090213
2702090214
2702090215
2702090216
2702090217
2702090218
2702090219
2702090220
2702090221
2702090222
2702090223
2702090224
2702090225
2702090226
2702090227
2702090228
2702090229
2702090230
2702090231
2702090232
2702090233
2702090234
2702090235
2702090301
2702090302
2702090303
2702090304
2702090305
2702090306
2702090307
2702090308
2702090309
2702090310
2702090311
2702090312
2702090313
2702090314
2702090315
2702090316
2702090317
2702090318
2702090319
2702090320
2702090321
2702090322
2702090323
2702090324
2702090325
2702090326
2702090327
2702090328
2702090329
2702090330
2702090331
2702090332
2702090333
2702090334
2702090335
2702090336
2702090337
2702090338
2702090339
2805090101
2805090102
2805090103
2805090104
2805090105
2805090106
2805090107
2805090108
2805090109
2805090110
2805090111
2805090112
2805090113
2805090114
2805090115
2805090116
2805090117
2805090118
2805090119
2805090120
2805090121
2805090122
2805090123
2805090124
2805090125
2805090126
2805090128
2805090129
2805090130
2805090131
2805090132
2805090133
2805090201
2805090202
2805090203
2805090204
2805090206
2805090207
2805090208
2805090209
2805090210
2805090211
2805090212
2805090213
2805090214
2805090215
2805090216
2805090217
2805090218
2805090219
2805090220
2805090221
2805090222
2805090223
2805090224
2805090225
2805090226
2805090227
2805090228
2805090229
2805090230
2805090231
2805090232
2805090301
2805090302
2805090303
2805090304
2805090305
2805090306
2805090307
2805090308
2805090309
2805090310
2805090311
2805090312
2805090313
2805090314
2805090315
2805090316
2805090317
2805090318
2805090319
2805090320
2805090321
2805090322
2805090323
2805090324
2805090325
2805090326
2805090327
2805090328
2805090329
2805090330
2805090331
2805090332
2906090218
2601090216
2801080530
2801080827
2801080911
2801090101
2801090102
2801090103
2801090104
2801090105
2801090106
2801090107
2801090108
2801090109
2801090110
2801090111
2801090112
2801090113
2801090114
2801090115
2801090116
2801090117
2801090118
2801090119
2801090120
2801090121
2801090122
2801090123
2801090124
2801090125
2801090126
2801090127
2801090128
2801090129
2801090130
2801090131
2801090132
2801090133
2801090134
2801090135
2801090136
2801090137
2801090201
2801090202
2801090203
2801090204
2801090205
2801090206
2801090207
2801090208
2801090209
2801090210
2801090211
2801090212
2801090213
2801090214
2801090216
2801090217
2801090218
2801090219
2801090220
2801090221
2801090222
2801090223
2801090224
2801090225
2801090226
2801090227
2801090228
2801090229
2801090231
2801090232
2801090233
2801090234
2801090235
2801090236
2801090301
2801090302
2801090303
2801090304
2801090305
2801090306
2801090307
2801090308
2801090309
2801090310
2801090311
2801090312
2801090313
2801090314
2801090315
2801090316
2801090317
2801090318
2801090319
2801090320
2801090321
2801090322
2801090323
2801090324
2801090325
2801090326
2801090327
2801090328
2801090329
2801090330
2801090331
2801090332
2801090333
2801090334
2801090335
2801090336
2801090401
2801090402
2801090403
2801090404
2801090405
2801090406
2801090407
2801090408
2801090409
2801090410
2801090411
2801090412
2801090413
2801090414
2801090415
2801090416
2801090417
2801090418
2801090419
2801090420
2801090421
2801090422
2801090423
2801090424
2801090425
2801090426
2801090427
2801090428
2801090429
2801090430
2801090431
2801090432
2801090433
2801090434
2801090435
2801090436
2801090501
2801090502
2801090503
2801090504
2801090505
2801090506
2801090507
2801090508
2801090509
2801090510
2801090511
2801090512
2801090513
2801090514
2801090515
2801090516
2801090517
2801090518
2801090519
2801090520
2801090521
2801090522
2801090523
2801090524
2801090525
2801090526
2801090527
2801090528
2801090529
2801090530
2801090531
2801090532
2801090533
2801090534
2801090535
2801090536
2801090601
2801090602
2801090603
2801090604
2801090605
2801090606
2801090607
2801090608
2801090609
2801090610
2801090611
2801090612
2801090613
2801090614
2801090615
2801090616
2801090617
2801090618
2801090619
2801090620
2801090621
2801090622
2801090623
2801090624
2801090625
2801090626
2801090627
2801090628
2801090629
2801090630
2801090631
2801090632
2801090633
2801090634
2801090635
2801090636
2801090702
2801090703
2801090704
2801090705
2801090706
2801090707
2801090708
2801090709
2801090710
2801090711
2801090712
2801090713
2801090715
2801090716
2801090717
2801090718
2801090719
2801090720
2801090721
2801090722
2801090723
2801090724
2801090725
2801090726
2801090727
2801090728
2801090729
2801090730
2801090731
2801090733
2801090734
2801090735
2801090736
2801090801
2801090802
2801090803
2801090804
2801090805
2801090806
2801090807
2801090808
2801090809
2801090810
2801090811
2801090812
2801090813
2801090815
2801090816
2801090818
2801090819
2801090820
2801090821
2801090822
2801090823
2801090824
2801090825
2801090828
2801090829
2801090831
2801090832
2801090833
2801090834
2801090835
2801090836
2801090901
2801090902
2801090903
2801090904
2801090906
2801090907
2801090908
2801090909
2801090910
2801090911
2801090912
2801090913
2801090914
2801090915
2801090916
2801090917
2801090918
2801090919
2801090920
2801090921
2801090922
2801090923
2801090924
2801090925
2801090926
2801090927
2801090928
2801090929
2801090930
2801090931
2801090932
2801090934
2801090935
2801090936
2801091001
2801091002
2801091003
2801091004
2801091005
2801091006
2801091007
2801091008
2801091009
2801091010
2801091011
2801091012
2801091013
2801091014
2801091015
2801091016
2801091017
2801091018
2801091019
2801091020
2801091022
2801091023
2801091024
2801091025
2801091026
2801091027
2801091029
2801091031
2801091032
2801091033
2801091034
2801091035
2801091036
2801091101
2801091102
2801091103
2801091104
2801091105
2801091106
2801091107
2801091108
2801091109
2801091110
2801091111
2801091112
2801091113
2801091114
2801091115
2801091116
2801091117
2801091118
2801091119
2801091120
2801091121
2801091122
2801091123
2801091124
2801091125
2801091126
2801091127
2801091128
2801091129
2801091130
2801091131
2801091132
2801091133
2801091134
2801091135
2802090111
2802090102
2802090103
2802090104
2802090105
2802090106
2802090107
2802090108
2802090109
2802090110
2802090112
2802090113
2802090114
2802090115
2802090116
2802090117
2802090118
2802090119
2802090120
2802090121
2802090122
2802090123
2802090124
2802090125
2802090126
2802090127
2802090128
2802090129
2802090130
2802090131
2802090132
2802090133
2802090134
2802090201
2802090202
2802090203
2802090204
2802090205
2802090206
2802090207
2802090208
2802090209
2802090210
2802090211
2802090212
2802090213
2802090214
2802090215
2802090216
2802090217
2802090218
2802090219
2802090220
2802090221
2802090222
2802090223
2802090224
2802090225
2802090226
2802090227
2802090228
2802090229
2802090230
2802090231
2802090232
2802090233
2802090234
2908080113
2908090101
2908090102
2908090103
2908090104
2908090106
2908090107
2908090108
2908090109
2908090110
2908090111
2908090112
2908090113
2908090114
2908090115
2908090116
2908090117
2908090118
2908090119
2908090120
2908090121
2908090122
2908090123
2908090124
2908090125
2908090126
2908090127
2908090128
2908090129
2908090130
2908090131
2902080114
2902090101
2902090102
2902090103
2902090104
2902090105
2902090106
2902090107
2902090108
2902090109
2902090110
2902090111
2902090112
2902090113
2902090114
2902090115
2902090116
2902090117
2902090118
2902090119
2902090120
2902090121
2902090122
2902090123
2902090124
2902090125
2902090126
2902090127
2902090128
2902090129
2902090130
2902090201
2902090202
2902090203
2902090204
2902090205
2902090206
2902090207
2902090208
2902090209
2902090210
2902090211
2902090212
2902090213
2902090214
2902090215
2902090216
2902090217
2902090218
2902090219
2902090220
2902090221
2902090222
2902090223
2902090224
2902090225
2902090226
2902090227
2902090228
2902090301
2902090302
2902090303
2902090304
2902090305
2902090306
2902090307
2902090308
2902090309
2902090310
2902090311
2902090312
2902090313
2902090315
2902090316
2902090317
2902090318
2902090319
2902090320
2902090321
2902090322
2902090323
2902090324
2902090325
2902090326
2902090327
2902090328
2902090329
2904080331
2904090101
2904090102
2904090103
2904090104
2904090105
2904090107
2904090109
2904090110
2904090112
2904090113
2904090114
2904090115
2904090116
2904090117
2904090118
2904090119
2904090120
2904090123
2904090124
2904090125
2904090126
2904090127
2904090128
2904090129
2904090130
2904090201
2904090202
2904090203
2904090204
2904090205
2904090206
2904090207
2904090208
2904090209
2904090210
2904090211
2904090212
2904090213
2904090214
2904090215
2904090216
2904090217
2904090218
2904090219
2904090220
2904090221
2904090222
2904090223
2904090224
2904090225
2904090226
2904090227
2904090228
2904090229
2904090230
2904090301
2904090302
2904090303
2904090304
2904090305
2904090306
2904090307
2904090308
2904090309
2904090310
2904090311
2904090312
2904090313
2904090314
2904090315
2904090316
2904090317
2904090318
2904090319
2904090320
2904090321
2904090322
2904090323
2904090324
2904090325
2904090326
2904090327
2904090328
2904090329
2904090330
2901090101
2901090102
2901090103
2901090104
2901090105
2901090106
2901090107
2901090108
2901090109
2901090110
2901090111
2901090113
2901090114
2901090115
2901090116
2901090117
2901090118
2901090119
2901090120
2901090121
2901090122
2901090123
2901090124
2901090125
2901090126
2901090127
2901090128
2901090129
2901090130
2901090131
2901090132
2901090133
2901090134
2901090135
2901090136
2901090137
2901090138
2907090102
2907090104
2907090105
2907090106
2907090107
2907090108
2907090109
2907090110
2907090111
2907090112
2907090113
2907090114
2907090115
2907090116
2907090117
2907090118
2907090119
2907090120
2907090121
2907090122
2907090123
2907090124
2907090125
2907090126
2907090127
2907090128
2907090129
2907090130
2907090131
2907090132
2903080121
2903090102
2903090103
2903090104
2903090105
2903090106
2903090107
2903090108
2903090109
2903090110
2903090111
2903090112
2903090113
2903090114
2903090115
2903090116
2903090117
2903090118
2903090119
2903090120
2903090121
2903090122
2903090123
2903090124
2903090125
2903090127
2903090128
2903090129
2903090130
2903090201
2903090202
2903090203
2903090204
2903090205
2903090206
2903090207
2903090208
2903090210
2903090211
2903090213
2903090214
2903090215
2903090216
2903090218
2903090219
2903090220
2903090221
2903090222
2903090223
2903090224
2903090225
2903090226
2903090227
2903090228
2903090229
2903090230
2903090301
2903090302
2903090303
2903090304
2903090305
2903090306
2903090307
2903090308
2903090309
2903090310
2903090311
2903090312
2903090313
2903090314
2903090315
2903090316
2903090317
2903090318
2903090319
2903090320
2903090321
2903090322
2903090323
2903090324
2903090325
2903090326
2903090327
2903090328
2905090101
2905090102
2905090103
2905090104
2905090105
2905090106
2905090107
2905090108
2905090109
2905090110
2905090111
2905090112
2905090113
2905090114
2905090115
2905090116
2905090117
2905090118
2905090119
2905090120
2905090121
2905090123
2905090124
2905090125
2905090126
2905090127
2905090128
2905090129
2905090130
2905090131
2906080122
2906080229
2906090101
2906090102
2906090103
2906090104
2906090105
2906090106
2906090108
2906090109
2906090110
2906090111
2906090112
2906090113
2906090114
2906090115
2906090116
2906090117
2906090118
2906090119
2906090120
2906090121
2906090122
2906090123
2906090124
2906090125
2906090126
2906090127
2906090201
2906090202
2906090203
2906090204
2906090205
2906090206
2906090207
2906090208
2906090209
2906090210
2906090211
2906090212
2906090213
2906090214
2906090215
2906090216
2906090217
2906090219
2906090220
2906090221
2906090222
2906090223
2906090224
2906090225
2906090226
4102060127
4102070224
4102070228
4102080101
4102080102
4102080103
4102080104
4102080105
4102080106
4102080107
4102080108
4102080109
4102080110
4102080111
4102080112
4102080113
4102080114
4102080115
4102080116
4102080117
4102080118
4102080119
4102080120
4102080121
4102080122
4102080123
4102080124
4102080126
4102080127
4102080201
4102080202
4102080203
4102080204
4102080205
4102080206
4102080207
4102080208
4102080209
4102080210
4102080211
4102080212
4102080213
4102080214
4102080215
4102080216
4102080217
4102080218
4102080219
4102080220
4102080221
4102080222
4102080223
4102080224
4102080226
4102080227
4102060129
4101080101
4101080102
4101080103
4101080104
4101080105
4101080106
4101080107
4101080108
4101080109
4101080110
4101080111
4101080112
4101080113
4101080114
4101080115
4101080116
4101080117
4101080118
4101080119
4101080120
4101080121
4101080122
4101080123
4101080124
4101080125
4101080126
4101080127
4101080129
4101080130
4101080131
4101080132
4101080201
4101080202
4101080203
4101080204
4101080205
4101080206
4101080207
4101080208
4101080209
4101080210
4101080211
4101080212
4101080213
4101080214
4101080215
4101080216
4101080217
4101080218
4101080219
4101080220
4101080221
4101080222
4101080223
4101080224
4101080225
4101080226
4101080227
4101080228
4101080229
4101080230
4101080231
4101080232
4101080301
4101080302
4101080303
4101080304
4101080305
4101080306
4101080307
4101080308
4101080309
4101080310
4101080311
4101080312
4101080313
4101080314
4101080315
4101080316
4101080317
4101080318
4101080319
4101080320
4101080321
4101080322
4101080323
4101080324
4101080325
4101080326
4101080327
4101080328
4101080329
4101080330
4101080331
4101080401
4101080402
4101080403
4101080404
4101080405
4101080406
4101080407
4101080408
4101080409
4101080410
4101080411
4101080412
4101080413
4101080414
4101080415
4101080416
4101080417
4101080418
4101080419
4101080420
4101080421
4101080422
4101080423
4101080424
4101080425
4101080426
4101080427
4101080428
4101080429
4101080430
4101080431
4103090101
4103090102
4103090103
4103090104
4103090105
4103090106
4103090107
4103090108
4103090109
4103090110
4103090111
4103090112
4103090113
4103090114
4103090115
4103090116
4103090117
4103090118
4103090119
4103090120
4103090121
4103090122
4103090123
4103090201
4103090202
4103090203
4103090204
4103090205
4103090206
4103090207
4103090208
4103090209
4103090210
4103090211
4103090212
4103090213
4103090214
4103090215
4103090216
4103090218
4103090219
4103090220
4103090221
4103090222
4103090223
4103091702
4103080113
3102080229
3102080406
3102090101
3102090102
3102090103
3102090104
3102090105
3102090106
3102090107
3102090108
3102090109
3102090110
3102090111
3102090112
3102090113
3102090114
3102090115
3102090116
3102090117
3102090118
3102090119
3102090120
3102090121
3102090122
3102090123
3102090124
3102090125
3102090126
3102090127
3102090128
3102090129
3102090130
3102090131
3102090132
3102090133
3102090134
3102090135
3102090136
3102090137
3102090138
3102090139
3102090201
3102090202
3102090203
3102090204
3102090205
3102090206
3102090207
3102090208
3102090209
3102090210
3102090211
3102090212
3102090213
3102090214
3102090215
3102090216
3102090217
3102090218
3102090219
3102090220
3102090221
3102090222
3102090223
3102090224
3102090225
3102090227
3102090228
3102090229
3102090230
3102090231
3102090232
3102090234
3102090235
3102090236
3102090237
3102090238
3102090239
3102090301
3102090302
3102090304
3102090305
3102090306
3102090307
3102090308
3102090309
3102090310
3102090311
3102090312
3102090313
3102090314
3102090315
3102090316
3102090317
3102090318
3102090319
3102090320
3102090321
3102090322
3102090323
3102090324
3102090325
3102090326
3102090327
3102090328
3102090329
3102090330
3102090331
3102090332
3102090333
3102090334
3102090335
3102090336
3102090337
3102090338
3102090339
3102090401
3102090403
3102090404
3102090405
3102090406
3102090407
3102090408
3102090409
3102090410
3102090411
3102090412
3102090413
3102090414
3102090415
3102090416
3102090417
3102090419
3102090420
3102090421
3102090422
3102090423
3102090424
3102090425
3102090426
3102090427
3102090428
3102090429
3102090430
3102090431
3102090432
3102090433
3102090434
3102090435
3102090436
3102090437
3102090438
3102090439
2504090502
3106090101
3106090102
3106090103
3106090104
3106090105
3106090106
3106090107
3106090108
3106090109
3106090110
3106090111
3106090112
3106090113
3106090114
3106090115
3106090116
3106090117
3106090118
3106090120
3106090121
3106090122
3106090123
3106090124
3106090125
3106090126
3106090127
3106090128
3106090129
3105090301
3105090302
3105090303
3105090304
3105090305
3105090306
3105090307
3105090308
3105090309
3105090310
3105090311
3105090312
3105090313
3105090314
3105090315
3105090316
3105090317
3105090318
3105090319
3105090320
3105090321
3105090322
3105090323
3105090324
3105090325
3105090326
3105090327
3105090328
3105090329
3105090330
3105090331
3105090332
3105090333
3105090334
3105090336
3105090337
3105090338
3105090339
3105090340
3105090341
3105090401
3105090402
3105090403
3105090404
3105090405
3105090406
3105090407
3105090408
3105090409
3105090410
3105090411
3105090412
3105090413
3105090414
3105090415
3105090416
3105090417
3105090418
3105090419
3105090420
3105090421
3105090422
3105090423
3105090424
3105090425
3105090426
3105090427
3105090428
3105090429
3105090430
3105090431
3105090432
3105090433
3105090434
3105090435
3105090436
3105090437
3105090438
3105090439
3105090440
3105090501
3105090502
3105090503
3105090504
3105090505
3105090506
3105090507
3105090508
3105090509
3105090510
3105090511
3105090512
3105090513
3105090514
3105090516
3105090517
3105090518
3105090519
3105090520
3105090521
3105090522
3105090523
3105090524
3105090525
3105090526
3105090527
3105090528
3105090529
3105090101
3105090102
3105090103
3105090104
3105090105
3105090106
3105090107
3105090108
3105090109
3105090111
3105090112
3105090113
3105090114
3105090115
3105090116
3105090117
3105090118
3105090119
3105090120
3105090121
3105090122
3105090123
3105090124
3105090125
3105090126
3105090127
3105090128
3105090129
3105090130
3105090131
3105090132
3105090201
3105090202
3105090203
3105090204
3105090205
3105090206
3105090207
3105090208
3105090209
3105090210
3105090211
3105090212
3105090213
3105090214
3105090215
3105090216
3105090217
3105090218
3105090219
3105090220
3105090221
3105090222
3105090223
3105090224
3105090225
3105090226
3105090227
3105090228
3105090229
3105090230
3105090231
3105090232
110380115
1103090101
1103090102
1103090104
1103090105
1103090106
1103090107
1103090108
1103090109
1103090110
1103090111
1103090112
1103090113
1103090114
1103090115
1103090116
1103090118
1103090119
1103090120
1103090121
1103090122
1103090123
1103090124
1103090125
1103090126
1103090127
1103090128
1103090129
1103090130
1103090131
1103090132
1103090133
1103090134
1103090135
1108090101
1108090102
1108090103
1108090104
1108090105
1108090106
1108090107
1108090108
1108090109
1108090110
1108090111
1108090112
1108090113
1108090114
1108090115
1108090116
1108090117
1108090118
1108090119
1108090120
1108090121
1108090122
1108090123
1108090124
1108090125
1108090126
1108090127
1108090128
1108090129
1108090130
1101070124
1101090101
1101090102
1101090103
1101090104
1101090105
1101090106
1101090107
1101090108
1101090109
1101090110
1101090111
1101090112
1101090113
1101090114
1101090115
1101090116
1101090117
1101090118
1101090119
1101090120
1101090122
1101090123
1101090124
1101090125
1101090126
1101090127
1101090128
1101090129
1101090130
1101090131
1101090132
1101090133
1101090134
1101090135
1101090136
1101090137
110280130
1102090102
1102090103
1102090104
1102090105
1102090106
1102090107
1102090108
1102090109
1102090110
1102090111
1102090112
1102090113
1102090114
1102090115
1102090116
1102090117
1102090118
1102090119
1102090120
1102090121
1102090122
1102090123
1102090124
1102090125
1102090126
1102090127
1102090128
1102090129
1102090130
1102090131
1102090132
1102090133
1102090134
1102090135
1102090136
1102090137
1203090101
1203090102
1203090103
1203090104
1203090105
1203090106
1203090107
1203090109
1203090110
1203090111
1203090112
1203090113
1203090114
1203090115
1203090117
1203090118
1203090119
1203090120
1203090121
1203090122
1203090123
1203090124
1203090125
1203090126
1203090127
1203090128
1203090129
1202080110
1202080123
1202090101
1202090102
1202090103
1202090104
1202090105
1202090106
1202090107
1202090108
1202090110
1202090111
1202090113
1202090114
1202090115
1202090116
1202090117
1202090118
1202090119
1202090120
1202090121
1202090122
1202090123
1202090124
1202090125
1202090126
1202090127
1202090128
1202090129
1202090130
1202090131
1201090101
1201090102
1201090103
1201090104
1201090105
1201090106
1201090107
1201090108
1201090109
1201090110
1201090111
1201090112
1201090113
1201090114
1201090115
1201090116
1201090117
1201090118
1201090119
1201090120
1201090121
1201090122
1201090123
1201090124
1201090125
1201090126
1201090127
1201090128
1201090129
1201090130
1201090131
1302090101
1302090102
1302090103
1302090104
1302090105
1302090106
1302090107
1302090108
1302090109
1302090110
1302090111
1302090112
1302090113
1302090114
1302090115
1302090116
1302090117
1302090118
1301080221
1301090101
1301090102
1301090103
1301090104
1301090105
1301090106
1301090107
1301090108
1301090109
1301090110
1301090111
1301090112
1301090113
1301090114
1301090115
1301090116
1301090117
1301090118
1301090201
1301090202
1301090203
1301090204
1301090205
1301090206
1301090207
1301090208
1301090209
1301090210
1301090211
1301090212
1301090213
1301090214
1301090215
1301090216
1301090217
1301090218
1401090101
1401090102
1401090103
1401090104
1401090105
1401090106
1401090107
1401090108
1401090109
1401090110
1401090111
1401090112
1401090113
1401090114
1401090115
1401090116
1401090117
1401090118
1401090119
1401090120
1401090121
1401090122
1401090123
1401090124
1401090125
1401090126
1401090127
1107090101
1107090102
1107090103
1107090104
1107090105
1107090106
1107090107
1107090108
1107090109
1107090110
1107090111
1107090112
1107090113
1107090114
1107090116
1107090117
1107090118
1107090119
1107090120
1107090121
1107090122
1107090123
1107090124
1107090126
1107090127
1107090128
1107090129
1107090130
1107090131
1107090132
1107090133
1107090134
1107090135
1107090136
1107090137
1107090138
1107090139
1107090140
1107090141
1107090142
1107090201
1107090202
1107090203
1107090204
1107090205
1107090206
1107090207
1107090208
1107090209
1107090210
1107090211
1107090212
1107090213
1107090214
1107090215
1107090216
1107090217
1107090218
1107090219
1107090220
1107090221
1107090222
1107090223
1107090224
1107090225
1107090226
1107090227
1107090301
1107090302
1107090303
1107090304
1107090305
1107090306
1107090307
1107090308
1107090309
1107090310
1107090311
1107090312
1107090313
1107090314
1107090315
1107090316
1107090317
1107090318
1107090319
1107090320
1107090321
1107090322
1107090323
1107090324
1107090325
1107090326
1107090327
1107090401
1107090402
1107090404
1107090405
1107090406
1107090407
1107090408
1107090409
1107090410
1107090411
1107090412
1107090413
1107090414
1107090415
1107090416
1107090417
1107090418
1107090419
1107090420
1107090421
1107090422
1107090423
1107090424
1107090425
1107090426
1107090427
1107094203
1104090101
1104090102
1104090103
1104090104
1104090105
1104090106
1104090107
1104090108
1104090109
1104090110
1104090112
1104090113
1104090114
1104090115
1104090116
1104090118
1104090119
1104090120
1104090121
1104090122
1104090123
1104090124
1104090125
1104090126
1104090127
1104090128
1104090129
1104090130
1106090101
1106090102
1106090103
1106090104
1106090105
1106090106
1106090107
1106090108
1106090109
1106090110
1106090111
1106090112
1106090113
1106090114
1106090115
1106090116
1106090117
1106090118
1106090119
1106090120
1106090121
1106090122
1106090123
1106090124
1106090125
1106090126
1106090127
1106090128
1106090129
1106090130
1106090131
1106090132
1106090133
1106090134
1106090135
1106090136
1106090137
1106090138
1106090139
1105080115
1105080134
1105090101
1105090102
1105090103
1105090104
1105090105
1105090106
1105090107
1105090108
1105090109
1105090110
1105090111
1105090112
1105090113
1105090114
1105090115
1105090116
1105090117
1105090118
1105090119
1105090120
1105090121
1105090122
1105090123
1105090124
1105090125
1105090126
1105090127
1105090128
1105090129
1105090130
1105090131
1105090132
1105090133
1105090134
