1101100101
1101100102
1101100103
1101100104
1101100105
1101100106
1101100107
1101100108
1101100109
1101100110
1101100111
1101100112
1101100113
1101100114
1101100115
1101100116
1101100117
1101100118
1101100119
1101100120
1101100121
1101100122
1101100123
1101100124
1101100125
1101100126
1101100127
1101100128
1101100129
1101100130
1101100131
1101100132
1101100133
1101100134
1101100135
1101100136
1101100137
1101100138
1101100139
1102100101
1102100102
1102100103
1102100104
1102100105
1102100106
1102100107
1102100108
1102100109
1102100110
1102100111
1102100112
1102100113
1102100114
1102100115
1102100116
1102100117
1102100118
1102100119
1102100120
1102100121
1102100122
1102100123
1102100124
1102100125
1102100126
1102100127
1102100128
1102100129
1102100130
1102100131
1102100132
1102100133
1102100134
1102100135
1102100136
1102100137
1102100138
1102100139
1102100140
1103100101
1103100102
1103100103
1103100104
1103100105
1103100106
1103100107
1103100108
1103100109
1103100110
1103100111
1103100112
1103100113
1103100114
1103100115
1103100116
1103100117
1103100118
1103100119
1103100120
1103100121
1103100122
1103100123
1103100124
1103100125
1103100126
1103100127
1103100128
1103100129
1103100130
1103100131
1103100132
1103100133
1103100134
1103100135
1103100136
1103100137
1103100138
1103100139
1103100140
1108100101
1108100102
1108100103
1108100104
1108100105
1108100106
1108100107
1108100108
1108100109
1108100110
1108100111
1108100112
1108100113
1108100114
1108100115
1108100116
1108100117
1108100118
1108100119
1108100120
1108100121
1108100122
1108100123
1108100124
1108100125
1108100126
1108100127
1108100128
1108100129
1108100130
1108100131
1108100132
1108100133
1108100134
1108100135
1201100101
1201100102
1201100103
1201100104
1201100105
1201100106
1201100107
1201100108
1201100109
1201100110
1201100111
1201100112
1201100113
1201100114
1201100115
1201100116
1201100117
1201100118
1201100119
1201100120
1201100121
1201100122
1201100123
1201100124
1201100125
1201100126
1201100127
1201100128
1201100129
1201100130
1201100131
1202100101
1202100102
1202100103
1202100104
1202100105
1202100106
1202100107
1202100108
1202100109
1202100110
1202100111
1202100112
1202100113
1202100114
1202100115
1202100116
1202100117
1202100118
1202100119
1202100120
1202100121
1202100122
1202100123
1202100124
1202100125
1202100126
1202100127
1202100128
1202100129
1202100130
1202100131
1202100132
1202100133
1202100134
1203100101
1203100102
1203100103
1203100104
1203100105
1203100106
1203100107
1203100108
1203100109
1203100110
1203100111
1203100112
1203100113
1203100114
1203100115
1203100116
1203100117
1203100118
1203100119
1203100120
1203100121
1203100122
1203100123
1203100124
1203100125
1203100126
1203100127
1203100128
1203100129
1203100130
1203100201
1203100202
1203100203
1203100204
1203100205
1203100206
1203100207
1203100208
1203100209
1203100210
1203100211
1203100212
1203100213
1203100214
1203100215
1203100216
1203100217
1203100218
1203100219
1203100220
1203100221
1203100222
1203100223
1203100224
1203100225
1203100226
1203100227
1203100228
1203100229
1203100230
1301100101
1301100102
1301100103
1301100104
1301100105
1301100106
1301100107
1301100108
1301100109
1301100110
1301100111
1301100112
1301100113
1301100114
1301100115
1301100116
1301100117
1301100118
1301100119
1301100120
1301100121
1301100201
1301100202
1301100203
1301100204
1301100205
1301100206
1301100207
1301100208
1301100209
1301100210
1301100211
1301100212
1301100213
1301100214
1301100215
1301100216
1301100217
1301100218
1301100219
1301100220
1301100221
1302100101
1302100102
1302100103
1302100104
1302100105
1302100106
1302100107
1302100108
1302100109
1302100110
1302100111
1302100112
1302100113
1302100114
1302100115
1302100116
1302100117
1302100118
1302100119
1302100120
1302100121
2101100101
2101100102
2101100103
2101100104
2101100105
2101100106
2101100107
2101100108
2101100109
2101100110
2101100111
2101100112
2101100113
2101100114
2101100115
2101100116
2101100117
2101100118
2101100119
2101100120
2101100121
2101100122
2101100123
2101100124
2101100125
2101100126
2101100127
2101100128
2101100129
2101100130
2101100131
2101100132
2101100133
2101100134
2101100135
2101100136
2101100201
2101100202
2101100203
2101100204
2101100205
2101100206
2101100207
2101100208
2101100209
2101100210
2101100211
2101100212
2101100213
2101100214
2101100215
2101100216
2101100217
2101100218
2101100219
2101100220
2101100221
2101100222
2101100223
2101100224
2101100225
2101100226
2101100227
2101100228
2101100229
2101100230
2101100231
2101100232
2101100233
2101100234
2101100235
2101100236
2101100301
2101100302
2101100303
2101100304
2101100305
2101100306
2101100307
2101100308
2101100309
2101100310
2101100311
2101100312
2101100313
2101100314
2101100315
2101100316
2101100317
2101100318
2101100319
2101100320
2101100321
2101100322
2101100323
2101100324
2101100325
2101100326
2101100327
2101100328
2101100329
2101100330
2101100331
2101100332
2101100333
2101100334
2101100335
2101100336
2101100401
2101100402
2101100403
2101100404
2101100405
2101100406
2101100407
2101100408
2101100409
2101100410
2101100411
2101100412
2101100413
2101100414
2101100415
2101100416
2101100417
2101100418
2101100419
2101100420
2101100421
2101100422
2101100423
2101100424
2101100425
2101100426
2101100427
2101100428
2101100429
2101100430
2101100431
2101100432
2101100433
2101100434
2101100435
2101100436
2102100101
2102100102
2102100103
2102100104
2102100105
2102100106
2102100107
2102100108
2102100109
2102100110
2102100111
2102100112
2102100113
2102100114
2102100115
2102100116
2102100117
2102100118
2102100119
2102100120
2102100121
2102100122
2102100123
2102100124
2102100125
2102100126
2102100127
2102100128
2102100129
2102100130
2102100131
2102100201
2102100202
2102100203
2102100204
2102100205
2102100206
2102100207
2102100208
2102100209
2102100210
2102100211
2102100212
2102100213
2102100214
2102100215
2102100216
2102100217
2102100218
2102100219
2102100220
2102100221
2102100222
2102100223
2102100224
2102100225
2102100226
2102100227
2102100228
2102100229
2102100230
2102100301
2102100302
2102100303
2102100304
2102100305
2102100306
2102100307
2102100308
2102100309
2102100310
2102100311
2102100312
2102100313
2102100314
2102100315
2102100316
2102100317
2102100318
2102100319
2102100320
2102100321
2102100322
2102100323
2102100324
2102100325
2102100326
2102100327
2102100328
2102100329
2102100330
2102100401
2102100402
2102100403
2102100404
2102100405
2102100406
2102100407
2102100408
2102100409
2102100410
2102100411
2102100412
2102100413
2102100414
2102100415
2102100416
2102100417
2102100418
2102100419
2102100420
2102100421
2102100422
2102100423
2102100424
2102100425
2102100426
2102100427
2102100428
2102100429
2102100430
2103100101
2103100102
2103100103
2103100104
2103100105
2103100106
2103100107
2103100108
2103100109
2103100110
2103100111
2103100112
2103100113
2103100114
2103100115
2103100116
2103100117
2103100118
2103100119
2103100120
2103100121
2103100122
2103100123
2103100124
2103100125
2103100126
2103100127
2103100128
2103100129
2103100130
2103100131
2103100201
2103100202
2103100203
2103100204
2103100205
2103100206
2103100207
2103100208
2103100209
2103100210
2103100211
2103100212
2103100213
2103100214
2103100215
2103100216
2103100217
2103100218
2103100219
2103100220
2103100221
2103100222
2103100223
2103100224
2103100225
2103100226
2103100227
2103100228
2103100229
2103100230
2103100231
2103100301
2103100302
2103100303
2103100304
2103100305
2103100306
2103100307
2103100308
2103100309
2103100310
2103100311
2103100312
2103100313
2103100314
2103100315
2103100316
2103100317
2103100318
2103100319
2103100320
2103100321
2103100322
2103100323
2103100324
2103100325
2103100326
2103100327
2103100328
2103100329
2103100330
2105100101
2105100102
2105100103
2105100104
2105100105
2105100106
2105100107
2105100108
2105100109
2105100110
2105100111
2105100112
2105100113
2105100114
2105100115
2105100116
2105100117
2105100118
2105100119
2105100120
2105100121
2105100122
2105100123
2105100124
2105100125
2105100126
2105100127
2105100128
2105100129
2105100130
2105100131
2105100201
2105100202
2105100203
2105100204
2105100205
2105100206
2105100207
2105100208
2105100209
2105100210
2105100211
2105100212
2105100213
2105100214
2105100215
2105100216
2105100217
2105100218
2105100219
2105100220
2105100221
2105100222
2105100223
2105100224
2105100225
2105100226
2105100227
2105100228
2105100229
2105100230
2105100231
2105100232
2105100233
2105100234
2105100235
2105100236
2105100237
2105100301
2105100302
2105100303
2105100304
2105100305
2105100306
2105100307
2105100308
2105100309
2105100310
2105100311
2105100312
2105100313
2105100314
2105100315
2105100316
2105100317
2105100318
2105100319
2105100320
2105100321
2105100322
2105100323
2105100324
2105100325
2105100326
2105100327
2105100328
2105100329
2105100330
2105100331
2105100332
2105100333
2105100334
2105100335
2105100336
2105100401
2105100402
2105100403
2105100404
2105100405
2105100406
2105100407
2105100408
2105100409
2105100410
2105100411
2105100412
2105100413
2105100414
2105100415
2105100416
2105100417
2105100418
2105100419
2105100420
2105100421
2105100422
2105100423
2105100424
2105100425
2105100426
2105100427
2105100428
2106100101
2106100102
2106100103
2106100104
2106100105
2106100106
2106100107
2106100108
2106100109
2106100110
2106100111
2106100112
2106100113
2106100114
2106100115
2106100116
2106100117
2106100118
2106100119
2106100120
2106100121
2106100122
2106100123
2106100124
2106100125
2106100126
2106100127
2106100128
2106100201
2106100202
2106100203
2106100204
2106100205
2106100206
2106100207
2106100208
2106100209
2106100210
2106100211
2106100212
2106100213
2106100214
2106100215
2106100216
2106100217
2106100218
2106100219
2106100220
2106100221
2106100222
2106100223
2106100224
2106100225
2106100226
2106100227
2106100228
2107100101
2107100102
2107100103
2107100104
2107100105
2107100106
2107100107
2107100108
2107100109
2107100110
2107100111
2107100112
2107100113
2107100114
2107100115
2107100116
2107100117
2107100118
2107100119
2107100120
2107100121
2107100122
2107100123
2107100124
2107100125
2107100126
2107100127
2107100128
2107100129
2107100130
2107100131
2107100132
2107100133
2108100101
2108100102
2108100103
2108100104
2108100105
2108100106
2108100107
2108100108
2108100109
2108100110
2108100111
2108100112
2108100113
2108100114
2108100115
2108100116
2108100117
2108100118
2108100119
2108100120
2108100121
2108100122
2108100123
2108100124
2108100125
2108100126
2108100127
2108100128
2108100129
2108100130
2108100131
2108100132
2108100133
2108100134
2108100135
2108100136
2108100137
2108100138
2108100201
2108100202
2108100203
2108100204
2108100205
2108100206
2108100207
2108100208
2108100209
2108100210
2108100211
2108100212
2108100213
2108100214
2108100215
2108100216
2108100217
2108100218
2108100219
2108100220
2108100221
2108100222
2108100223
2108100224
2108100225
2108100226
2108100227
2108100228
2108100229
2108100230
2108100231
2108100232
2108100233
2108100234
2108100235
2108100236
2108100237
2108100238
2201100101
2201100102
2201100103
2201100104
2201100105
2201100106
2201100107
2201100108
2201100109
2201100110
2201100111
2201100112
2201100113
2201100114
2201100115
2201100116
2201100117
2201100118
2201100119
2201100120
2201100121
2201100122
2201100123
2201100124
2201100125
2201100126
2201100127
2201100128
2201100129
2201100201
2201100202
2201100203
2201100204
2201100205
2201100206
2201100207
2201100208
2201100209
2201100210
2201100211
2201100212
2201100213
2201100214
2201100215
2201100216
2201100217
2201100218
2201100219
2201100220
2201100221
2201100222
2201100223
2201100224
2201100225
2201100226
2201100227
2201100228
2201100229
2201100301
2201100302
2201100303
2201100304
2201100305
2201100306
2201100307
2201100308
2201100309
2201100310
2201100311
2201100312
2201100313
2201100314
2201100315
2201100316
2201100317
2201100318
2201100319
2201100320
2201100321
2201100322
2201100323
2201100324
2201100325
2201100326
2201100327
2201100328
2201100329
2201100401
2201100402
2201100403
2201100404
2201100405
2201100406
2201100407
2201100408
2201100409
2201100410
2201100411
2201100412
2201100413
2201100414
2201100415
2201100416
2201100417
2201100418
2201100419
2201100420
2201100421
2201100422
2201100423
2201100424
2201100425
2201100426
2201100427
2201100428
2201100429
2201100501
2201100502
2201100503
2201100504
2201100505
2201100506
2201100507
2201100508
2201100509
2201100510
2201100511
2201100512
2201100513
2201100514
2201100515
2201100516
2201100517
2201100518
2201100519
2201100520
2201100521
2201100522
2201100523
2201100524
2201100525
2201100526
2201100527
2201100528
2201100529
2201100601
2201100602
2201100603
2201100604
2201100605
2201100606
2201100607
2201100608
2201100609
2201100610
2201100611
2201100612
2201100613
2201100614
2201100615
2201100616
2201100617
2201100618
2201100619
2201100620
2201100621
2201100622
2201100623
2201100624
2201100625
2201100626
2201100627
2201100628
2201100629
2201100630
2201100631
2202100101
2202100102
2202100103
2202100104
2202100105
2202100106
2202100107
2202100108
2202100109
2202100110
2202100111
2202100112
2202100113
2202100114
2202100115
2202100116
2202100117
2202100118
2202100119
2202100120
2202100121
2202100122
2202100123
2202100124
2202100125
2202100126
2202100127
2202100128
2202100129
2202100130
2202100131
2202100132
2202100201
2202100202
2202100203
2202100204
2202100205
2202100206
2202100207
2202100208
2202100209
2202100210
2202100211
2202100212
2202100213
2202100214
2202100215
2202100216
2202100217
2202100218
2202100219
2202100220
2202100221
2202100222
2202100223
2202100224
2202100225
2202100226
2202100227
2202100228
2202100229
2202100230
2202100231
2202100301
2202100302
2202100303
2202100304
2202100305
2202100306
2202100307
2202100308
2202100309
2202100310
2202100311
2202100312
2202100313
2202100314
2202100315
2202100316
2202100317
2202100318
2202100319
2202100320
2202100321
2202100322
2202100323
2202100324
2202100325
2202100326
2202100327
2202100328
2202100329
2202100330
2202100331
2202100401
2202100402
2202100403
2202100404
2202100405
2202100406
2202100407
2202100408
2202100409
2202100410
2202100411
2202100412
2202100413
2202100414
2202100415
2202100416
2202100417
2202100418
2202100419
2202100420
2202100421
2202100422
2202100423
2202100424
2202100425
2202100426
2202100427
2202100428
2202100429
2202100430
2202100431
2203100101
2203100102
2203100103
2203100104
2203100105
2203100106
2203100107
2203100108
2203100109
2203100110
2203100111
2203100112
2203100113
2203100114
2203100115
2203100116
2203100117
2203100118
2203100119
2203100120
2203100121
2203100122
2203100123
2203100124
2203100125
2203100126
2203100127
2203100128
2203100129
2203100130
2203100131
2203100132
2203100133
2203100134
2203100135
2203100136
2203100137
2203100138
2203100139
2203100140
2203100141
2203100142
2204100101
2204100102
2204100103
2204100104
2204100105
2204100106
2204100107
2204100108
2204100109
2204100110
2204100111
2204100112
2204100113
2204100114
2204100115
2204100116
2204100117
2204100118
2204100119
2204100120
2204100121
2204100122
2204100123
2204100124
2204100125
2204100126
2204100127
2204100128
2204100129
2204100130
2204100131
2204100132
2204100133
2204100134
2204100135
2204100136
2204100137
2204100138
2205100101
2205100102
2205100103
2205100104
2205100105
2205100106
2205100107
2205100108
2205100109
2205100110
2205100111
2205100112
2205100113
2205100114
2205100115
2205100116
2205100117
2205100118
2205100119
2205100120
2205100121
2205100122
2205100123
2205100124
2205100125
2205100126
2205100127
2205100128
2205100129
2205100130
2205100131
2205100132
2205100133
2205100134
2205100135
2205100136
2205100137
2205100138
2205100139
2205100140
2205100201
2205100202
2205100203
2205100204
2205100205
2205100206
2205100207
2205100208
2205100209
2205100210
2205100211
2205100212
2205100213
2205100214
2205100215
2205100216
2205100217
2205100218
2205100219
2205100220
2205100221
2205100222
2205100223
2205100224
2205100225
2205100226
2205100227
2205100228
2205100229
2205100230
2205100231
2205100232
2205100233
2205100234
2205100235
2205100236
2205100237
2205100238
2205100239
2206100101
2206100102
2206100103
2206100104
2206100105
2206100106
2206100107
2206100108
2206100109
2206100110
2206100111
2206100112
2206100113
2206100114
2206100115
2206100116
2206100117
2206100118
2206100119
2206100120
2206100121
2206100122
2206100123
2206100124
2206100125
2206100126
2206100127
2206100128
2206100129
2206100130
2206100131
2206100132
2206100133
2206100134
2206100135
2206100136
2206100137
2206100201
2206100202
2206100203
2206100204
2206100205
2206100206
2206100207
2206100208
2206100209
2206100210
2206100211
2206100212
2206100213
2206100214
2206100215
2206100216
2206100217
2206100218
2206100219
2206100220
2206100221
2206100222
2206100223
2206100224
2206100225
2206100226
2206100227
2206100228
2206100229
2206100230
2206100231
2206100232
2206100233
2206100234
2206100235
2206100236
2206100237
2207100101
2207100102
2207100103
2207100104
2207100105
2207100106
2207100107
2207100108
2207100109
2207100110
2207100111
2207100112
2207100113
2207100114
2207100115
2207100116
2207100117
2207100118
2207100119
2207100120
2207100121
2207100122
2207100123
2207100124
2207100125
2207100126
2207100127
2207100128
2207100129
2207100130
2207100131
2207100201
2207100202
2207100203
2207100204
2207100205
2207100206
2207100207
2207100208
2207100209
2207100210
2207100211
2207100212
2207100213
2207100214
2207100215
2207100216
2207100217
2207100218
2207100219
2207100220
2207100221
2207100222
2207100223
2207100224
2207100225
2207100226
2207100227
2207100228
2207100229
2207100230
2301100101
2301100102
2301100103
2301100104
2301100105
2301100106
2301100107
2301100108
2301100109
2301100110
2301100111
2301100112
2301100113
2301100114
2301100115
2301100116
2301100117
2301100118
2301100119
2301100120
2301100121
2301100122
2301100123
2301100124
2301100125
2301100126
2301100127
2301100128
2301100129
2301100130
2301100131
2301100132
2301100201
2301100202
2301100203
2301100204
2301100205
2301100206
2301100207
2301100208
2301100209
2301100210
2301100211
2301100212
2301100213
2301100214
2301100215
2301100216
2301100217
2301100218
2301100219
2301100220
2301100221
2301100222
2301100223
2301100224
2301100225
2301100226
2301100227
2301100228
2301100229
2301100230
2301100231
2301100232
2301100233
2301100301
2301100302
2301100303
2301100304
2301100305
2301100306
2301100307
2301100308
2301100309
2301100310
2301100311
2301100312
2301100313
2301100314
2301100315
2301100316
2301100317
2301100318
2301100319
2301100320
2301100321
2301100322
2301100323
2301100324
2301100325
2301100326
2301100327
2301100328
2301100329
2301100330
2301100331
2301100332
2302100101
2302100102
2302100103
2302100104
2302100105
2302100106
2302100107
2302100108
2302100109
2302100110
2302100111
2302100112
2302100113
2302100114
2302100115
2302100116
2302100117
2302100118
2302100119
2302100120
2302100121
2302100122
2302100123
2302100124
2302100125
2302100126
2302100127
2302100128
2302100129
2302100130
2302100131
2302100132
2302100133
2303100101
2303100102
2303100103
2303100104
2303100105
2303100106
2303100107
2303100108
2303100109
2303100110
2303100111
2303100112
2303100113
2303100114
2303100115
2303100116
2303100117
2303100118
2303100119
2303100120
2303100121
2303100122
2303100123
2303100124
2303100125
2303100126
2303100127
2303100128
2303100129
2303100130
2303100131
2303100132
2303100201
2303100202
2303100203
2303100204
2303100205
2303100206
2303100207
2303100208
2303100209
2303100210
2303100211
2303100212
2303100213
2303100214
2303100215
2303100216
2303100217
2303100218
2303100219
2303100220
2303100221
2303100222
2303100223
2303100224
2303100225
2303100226
2303100227
2303100228
2303100229
2303100230
2303100231
2303100232
2303100301
2303100302
2303100303
2303100304
2303100305
2303100306
2303100307
2303100308
2303100309
2303100310
2303100311
2303100312
2303100313
2303100314
2303100315
2303100316
2303100317
2303100318
2303100319
2303100320
2303100321
2303100322
2303100323
2303100324
2303100325
2303100326
2303100327
2303100328
2303100329
2303100330
2303100331
2303100332
2303100333
2303100334
2303100401
2303100402
2303100403
2303100404
2303100405
2303100406
2303100407
2303100408
2303100409
2303100410
2303100411
2303100412
2303100413
2303100414
2303100415
2303100416
2303100417
2303100418
2303100419
2303100420
2303100421
2303100422
2303100423
2303100424
2303100425
2303100426
2303100427
2303100428
2303100429
2303100430
2303100431
2303100432
2303100433
2304100101
2304100102
2304100103
2304100104
2304100105
2304100106
2304100107
2304100108
2304100109
2304100110
2304100111
2304100112
2304100113
2304100114
2304100115
2304100116
2304100117
2304100118
2304100119
2304100120
2304100121
2304100122
2304100123
2304100124
2304100125
2304100126
2304100127
2304100128
2304100129
2304100130
2304100131
2304100132
2304100133
2304100134
2304100135
2305100101
2305100102
2305100103
2305100104
2305100105
2305100106
2305100107
2305100108
2305100109
2305100110
2305100111
2305100112
2305100113
2305100114
2305100115
2305100116
2305100117
2305100118
2305100119
2305100120
2305100121
2305100122
2305100123
2305100124
2305100125
2305100126
2305100127
2305100128
2305100129
2305100130
2305100131
2305100132
2305100133
2305100134
2306100101
2306100102
2306100103
2306100104
2306100105
2306100106
2306100107
2306100108
2306100109
2306100110
2306100111
2306100112
2306100113
2306100114
2306100115
2306100116
2306100117
2306100118
2306100119
2306100120
2306100121
2306100122
2306100123
2306100124
2306100125
2306100126
2306100127
2306100128
2306100129
2306100130
2306100131
2306100132
2306100133
2306100134
2306100135
2306100136
2307100101
2307100102
2307100103
2307100104
2307100105
2307100106
2307100107
2307100108
2307100109
2307100110
2307100111
2307100112
2307100113
2307100114
2307100115
2307100116
2307100117
2307100118
2307100119
2307100120
2307100121
2307100122
2307100123
2307100124
2307100125
2307100126
2307100127
2307100128
2307100129
2307100130
2307100131
2307100132
2307100133
2307100134
2307100135
2307100201
2307100202
2307100203
2307100204
2307100205
2307100206
2307100207
2307100208
2307100209
2307100210
2307100211
2307100212
2307100213
2307100214
2307100215
2307100216
2307100217
2307100218
2307100219
2307100220
2307100221
2307100222
2307100223
2307100224
2307100225
2307100226
2307100227
2307100228
2307100229
2307100230
2307100231
2307100232
2307100233
2307100234
2307100235
2308100101
2308100102
2308100103
2308100104
2308100105
2308100106
2308100107
2308100108
2308100109
2308100110
2308100111
2308100112
2308100113
2308100114
2308100115
2308100116
2308100117
2308100118
2308100119
2308100120
2308100121
2308100122
2308100123
2308100124
2308100125
2308100126
2308100127
2308100128
2308100129
2308100130
2308100131
2308100132
2308100133
2308100134
2308100135
2308100136
2309100101
2309100102
2309100103
2309100104
2309100105
2309100106
2309100107
2309100108
2309100109
2309100110
2309100111
2309100112
2309100113
2309100114
2309100115
2309100116
2309100117
2309100118
2309100119
2309100120
2309100121
2309100122
2309100123
2309100124
2309100125
2309100126
2309100127
2309100128
2309100129
2309100130
2309100131
2309100132
2309100133
2309100134
2309100135
2309100136
2402100101
2402100102
2402100103
2402100104
2402100105
2402100106
2402100107
2402100108
2402100109
2402100110
2402100111
2402100112
2402100113
2402100114
2402100115
2402100116
2402100117
2402100118
2402100119
2402100120
2402100121
2402100122
2402100123
2402100124
2402100125
2402100126
2402100127
2402100128
2402100129
2402100130
2402100131
2402100132
2402100201
2402100202
2402100203
2402100204
2402100205
2402100206
2402100207
2402100208
2402100209
2402100210
2402100211
2402100212
2402100213
2402100214
2402100215
2402100216
2402100217
2402100218
2402100219
2402100220
2402100221
2402100222
2402100223
2402100224
2402100225
2402100226
2402100227
2402100228
2402100229
2402100230
2402100231
2402100301
2402100302
2402100303
2402100304
2402100305
2402100306
2402100307
2402100308
2402100309
2402100310
2402100311
2402100312
2402100313
2402100314
2402100315
2402100316
2402100317
2402100318
2402100319
2402100320
2402100321
2402100322
2402100323
2402100324
2402100325
2402100326
2402100327
2402100328
2402100329
2402100330
2402100331
2402100332
2402100333
2402100334
2402100401
2402100402
2402100403
2402100404
2402100405
2402100406
2402100407
2402100408
2402100409
2402100410
2402100411
2402100412
2402100413
2402100414
2402100415
2402100416
2402100417
2402100418
2402100419
2402100420
2402100421
2402100422
2402100423
2402100424
2402100425
2402100426
2402100427
2402100428
2402100429
2402100430
2402100431
2402100432
2402100433
2403100101
2403100102
2403100103
2403100104
2403100105
2403100106
2403100107
2403100108
2403100109
2403100110
2403100111
2403100112
2403100113
2403100114
2403100115
2403100116
2403100117
2403100118
2403100119
2403100120
2403100121
2403100122
2403100123
2403100124
2403100125
2403100126
2403100127
2403100128
2403100129
2403100130
2403100131
2403100132
2403100133
2403100134
2403100135
2403100201
2403100202
2403100203
2403100204
2403100205
2403100206
2403100207
2403100208
2403100209
2403100210
2403100211
2403100212
2403100213
2403100214
2403100215
2403100216
2403100217
2403100218
2403100219
2403100220
2403100221
2403100222
2403100223
2403100224
2403100225
2403100226
2403100227
2403100228
2403100229
2403100230
2403100231
2403100232
2403100233
2403100234
2403100235
2404100101
2404100102
2404100103
2404100104
2404100105
2404100106
2404100107
2404100108
2404100109
2404100110
2404100111
2404100112
2404100113
2404100114
2404100115
2404100116
2404100117
2404100118
2404100119
2404100120
2404100121
2404100122
2404100123
2404100124
2404100125
2404100126
2404100127
2404100128
2404100129
2404100130
2404100131
2404100132
2404100133
2404100134
2404100135
2404100136
2404100137
2404100138
2404100139
2404100201
2404100202
2404100203
2404100204
2404100205
2404100206
2404100207
2404100208
2404100209
2404100210
2404100211
2404100212
2404100213
2404100214
2404100215
2404100216
2404100217
2404100218
2404100219
2404100220
2404100221
2404100222
2404100223
2404100224
2404100225
2404100226
2404100227
2404100228
2404100229
2404100230
2404100231
2404100232
2404100233
2404100234
2404100235
2404100236
2404100237
2404100238
2404100239
2406100101
2406100102
2406100103
2406100104
2406100105
2406100106
2406100107
2406100108
2406100109
2406100110
2406100111
2406100112
2406100113
2406100114
2406100115
2406100116
2406100117
2406100118
2406100119
2406100120
2406100121
2406100122
2406100123
2406100124
2406100125
2406100126
2406100127
2406100128
2406100129
2406100130
2406100131
2406100132
2406100133
2406100134
2406100135
2406100136
2406100137
2406100201
2406100202
2406100203
2406100204
2406100205
2406100206
2406100207
2406100208
2406100209
2406100210
2406100211
2406100212
2406100213
2406100214
2406100215
2406100216
2406100217
2406100218
2406100219
2406100220
2406100221
2406100222
2406100223
2406100224
2406100225
2406100226
2406100227
2406100228
2406100229
2406100230
2406100231
2406100232
2406100233
2406100234
2406100235
2406100236
2407100101
2407100102
2407100103
2407100104
2407100105
2407100106
2407100107
2407100108
2407100109
2407100110
2407100111
2407100112
2407100113
2407100114
2407100115
2407100116
2407100117
2407100118
2407100119
2407100120
2407100121
2407100122
2407100123
2407100124
2407100125
2407100126
2407100127
2407100128
2407100129
2407100130
2407100131
2407100132
2407100133
2408100101
2408100102
2408100103
2408100104
2408100105
2408100106
2408100107
2408100108
2408100109
2408100110
2408100111
2408100112
2408100113
2408100114
2408100115
2408100116
2408100117
2408100118
2408100119
2408100120
2408100121
2408100122
2408100123
2408100124
2408100125
2408100126
2408100127
2408100128
2408100129
2408100130
2408100131
2408100132
2408100133
2408100201
2408100202
2408100203
2408100204
2408100205
2408100206
2408100207
2408100208
2408100209
2408100210
2408100211
2408100212
2408100213
2408100214
2408100215
2408100216
2408100217
2408100218
2408100219
2408100220
2408100221
2408100222
2408100223
2408100224
2408100225
2408100226
2408100227
2408100228
2408100229
2408100230
2408100231
2408100232
2504100101
2504100102
2504100103
2504100104
2504100105
2504100106
2504100107
2504100108
2504100109
2504100110
2504100111
2504100112
2504100113
2504100114
2504100115
2504100116
2504100117
2504100118
2504100119
2504100120
2504100121
2504100122
2504100123
2504100124
2504100125
2504100126
2504100127
2504100128
2504100129
2504100130
2504100131
2504100132
2504100133
2504100134
2504100135
2504100201
2504100202
2504100203
2504100204
2504100205
2504100206
2504100207
2504100208
2504100209
2504100210
2504100211
2504100212
2504100213
2504100214
2504100215
2504100216
2504100217
2504100218
2504100219
2504100220
2504100221
2504100222
2504100223
2504100224
2504100225
2504100226
2504100227
2504100228
2504100229
2504100230
2504100231
2504100232
2504100233
2504100234
2504100235
2504100301
2504100302
2504100303
2504100304
2504100305
2504100306
2504100307
2504100308
2504100309
2504100310
2504100311
2504100312
2504100313
2504100314
2504100315
2504100316
2504100317
2504100318
2504100319
2504100320
2504100321
2504100322
2504100323
2504100324
2504100325
2504100326
2504100327
2504100328
2504100329
2504100330
2504100331
2504100332
2504100333
2504100334
2504100335
2504100401
2504100402
2504100403
2504100404
2504100405
2504100406
2504100407
2504100408
2504100409
2504100410
2504100411
2504100412
2504100413
2504100414
2504100415
2504100416
2504100417
2504100418
2504100419
2504100420
2504100421
2504100422
2504100423
2504100424
2504100425
2504100426
2504100427
2504100428
2504100429
2504100430
2504100431
2504100432
2504100433
2504100434
2504100435
2504100501
2504100502
2504100503
2504100504
2504100505
2504100506
2504100507
2504100508
2504100509
2504100510
2504100511
2504100512
2504100513
2504100514
2504100515
2504100516
2504100517
2504100518
2504100519
2504100520
2504100521
2504100522
2504100523
2504100524
2504100525
2504100526
2504100527
2504100528
2504100529
2504100530
2504100531
2504100532
2504100533
2504100534
2504100601
2504100602
2504100603
2504100604
2504100605
2504100606
2504100607
2504100608
2504100609
2504100610
2504100611
2504100612
2504100613
2504100614
2504100615
2504100616
2504100617
2504100618
2504100619
2504100620
2504100621
2504100622
2504100623
2504100624
2504100625
2504100626
2504100627
2504100628
2504100629
2504100630
2504100631
2504100632
2504100633
2504100634
2504100701
2504100702
2504100703
2504100704
2504100705
2504100706
2504100707
2504100708
2504100709
2504100710
2504100711
2504100712
2504100713
2504100714
2504100715
2504100716
2504100717
2504100718
2504100719
2504100720
2504100721
2504100722
2504100723
2504100724
2504100725
2504100726
2504100727
2504100728
2504100729
2504100730
2504100731
2504100732
2504100733
2504100734
2505100101
2505100102
2505100103
2505100104
2505100105
2505100106
2505100107
2505100108
2505100109
2505100110
2505100111
2505100112
2505100113
2505100114
2505100115
2505100116
2505100117
2505100118
2505100119
2505100120
2505100121
2505100122
2505100123
2505100124
2505100125
2505100126
2505100127
2505100128
2505100129
2505100130
2505100131
2505100132
2505100201
2505100202
2505100203
2505100204
2505100205
2505100206
2505100207
2505100208
2505100209
2505100210
2505100211
2505100212
2505100213
2505100214
2505100215
2505100216
2505100217
2505100218
2505100219
2505100220
2505100221
2505100222
2505100223
2505100224
2505100225
2505100226
2505100227
2505100228
2505100229
2505100230
2505100231
2505100301
2505100302
2505100303
2505100304
2505100305
2505100306
2505100307
2505100308
2505100309
2505100310
2505100311
2505100312
2505100313
2505100314
2505100315
2505100316
2505100317
2505100318
2505100319
2505100320
2505100321
2505100322
2505100323
2505100324
2505100325
2505100326
2505100327
2505100328
2505100329
2505100330
2505100331
2505100401
2505100402
2505100403
2505100404
2505100405
2505100406
2505100407
2505100408
2505100409
2505100410
2505100411
2505100412
2505100413
2505100414
2505100415
2505100416
2505100417
2505100418
2505100419
2505100420
2505100421
2505100422
2505100423
2505100424
2505100425
2505100426
2505100427
2505100428
2505100429
2505100430
2505100431
2506100101
2506100102
2506100103
2506100104
2506100105
2506100106
2506100107
2506100108
2506100109
2506100110
2506100111
2506100112
2506100113
2506100114
2506100115
2506100116
2506100117
2506100118
2506100119
2506100120
2506100121
2506100122
2506100123
2506100124
2506100125
2506100126
2506100127
2506100128
2506100129
2506100130
2506100131
2506100132
2506100133
2506100134
2506100201
2506100202
2506100203
2506100204
2506100205
2506100206
2506100207
2506100208
2506100209
2506100210
2506100211
2506100212
2506100213
2506100214
2506100215
2506100216
2506100217
2506100218
2506100219
2506100220
2506100221
2506100222
2506100223
2506100224
2506100225
2506100226
2506100227
2506100228
2506100229
2506100230
2506100231
2506100232
2506100233
2507100101
2507100102
2507100103
2507100104
2507100105
2507100106
2507100107
2507100108
2507100109
2507100110
2507100111
2507100112
2507100113
2507100114
2507100115
2507100116
2507100117
2507100118
2507100119
2507100120
2507100121
2507100122
2507100123
2507100124
2507100125
2507100126
2507100127
2507100128
2507100129
2507100130
2507100131
2507100132
2507100133
2507100134
2507100201
2507100202
2507100203
2507100204
2507100205
2507100206
2507100207
2507100208
2507100209
2507100210
2507100211
2507100212
2507100213
2507100214
2507100215
2507100216
2507100217
2507100218
2507100219
2507100220
2507100221
2507100222
2507100223
2507100224
2507100225
2507100226
2507100227
2507100228
2507100229
2507100230
2507100231
2507100232
2507100233
2507100234
2507100301
2507100302
2507100303
2507100304
2507100305
2507100306
2507100307
2507100308
2507100309
2507100310
2507100311
2507100312
2507100313
2507100314
2507100315
2507100316
2507100317
2507100318
2507100319
2507100320
2507100321
2507100322
2507100323
2507100324
2507100325
2507100326
2507100327
2507100328
2507100329
2507100330
2507100331
2507100332
2507100333
2507100334
2601100101
2601100102
2601100103
2601100104
2601100105
2601100106
2601100107
2601100108
2601100109
2601100110
2601100111
2601100112
2601100113
2601100114
2601100115
2601100116
2601100117
2601100118
2601100119
2601100120
2601100121
2601100122
2601100123
2601100124
2601100125
2601100126
2601100127
2601100128
2601100129
2601100130
2601100131
2601100132
2601100133
2601100134
2601100135
2601100136
2601100137
2601100201
2601100202
2601100203
2601100204
2601100205
2601100206
2601100207
2601100208
2601100209
2601100210
2601100211
2601100212
2601100213
2601100214
2601100215
2601100216
2601100217
2601100218
2601100219
2601100220
2601100221
2601100222
2601100223
2601100224
2601100225
2601100226
2601100227
2601100228
2601100229
2601100230
2601100231
2601100232
2601100233
2601100234
2601100235
2601100301
2601100302
2601100303
2601100304
2601100305
2601100306
2601100307
2601100308
2601100309
2601100310
2601100311
2601100312
2601100313
2601100314
2601100315
2601100316
2601100317
2601100318
2601100319
2601100320
2601100321
2601100322
2601100323
2601100324
2601100325
2601100326
2601100327
2601100328
2601100329
2601100330
2601100331
2601100332
2602100101
2602100102
2602100103
2602100104
2602100105
2602100106
2602100107
2602100108
2602100109
2602100110
2602100111
2602100112
2602100113
2602100114
2602100115
2602100116
2602100117
2602100118
2602100119
2602100120
2602100121
2602100122
2602100123
2602100124
2602100125
2602100126
2602100127
2602100128
2602100129
2602100130
2602100131
2602100132
2602100133
2602100134
2602100135
2602100201
2602100202
2602100203
2602100204
2602100205
2602100206
2602100207
2602100208
2602100209
2602100210
2602100211
2602100212
2602100213
2602100214
2602100215
2602100216
2602100217
2602100218
2602100219
2602100220
2602100221
2602100222
2602100223
2602100224
2602100225
2602100226
2602100227
2602100228
2602100229
2602100230
2602100231
2602100232
2602100233
2602100234
2603100101
2603100102
2603100103
2603100104
2603100105
2603100106
2603100107
2603100108
2603100109
2603100110
2603100111
2603100112
2603100113
2603100114
2603100115
2603100116
2603100117
2603100118
2603100119
2603100120
2603100121
2604100101
2604100102
2604100103
2604100104
2604100105
2604100106
2604100107
2604100108
2604100109
2604100110
2604100111
2604100112
2604100113
2604100114
2604100115
2604100116
2604100117
2604100118
2604100119
2604100120
2604100121
2604100122
2604100123
2604100124
2604100125
2604100126
2604100127
2604100128
2604100129
2604100130
2604100131
2604100132
2604100201
2604100202
2604100203
2604100204
2604100205
2604100206
2604100207
2604100208
2604100209
2604100210
2604100211
2604100212
2604100213
2604100214
2604100215
2604100216
2604100217
2604100218
2604100219
2604100220
2604100221
2604100222
2604100223
2604100224
2604100225
2604100226
2604100227
2604100228
2604100229
2604100230
2604100231
2604100232
2604100301
2604100302
2604100303
2604100304
2604100305
2604100306
2604100307
2604100308
2604100309
2604100310
2604100311
2604100312
2604100313
2604100314
2604100315
2604100316
2604100317
2604100318
2604100319
2604100320
2604100321
2604100322
2604100323
2604100324
2604100325
2604100326
2604100327
2604100328
2604100329
2604100330
2604100331
2604100332
2605100101
2605100102
2605100103
2605100104
2605100105
2605100106
2605100107
2605100108
2605100109
2605100110
2605100111
2605100112
2605100113
2605100114
2605100115
2605100116
2605100117
2605100118
2605100119
2605100120
2605100121
2605100122
2605100123
2605100124
2605100125
2605100126
2605100127
2605100128
2606100101
2606100102
2606100103
2606100104
2606100105
2606100106
2606100107
2606100108
2606100109
2606100110
2606100111
2606100112
2606100113
2606100114
2606100115
2606100116
2606100117
2606100118
2606100119
2606100120
2606100121
2606100122
2606100123
2606100124
2606100125
2606100126
2606100127
2606100128
2606100129
2606100130
2606100131
2606100132
2606100133
2606100134
2606100135
2607100101
2607100102
2607100103
2607100104
2607100105
2607100106
2607100107
2607100108
2607100109
2607100110
2607100111
2607100112
2607100113
2607100114
2607100115
2607100116
2607100117
2607100118
2607100119
2607100120
2607100121
2607100122
2607100123
2607100124
2607100125
2607100126
2607100127
2607100128
2607100129
2607100130
2607100131
2607100132
2607100201
2607100202
2607100203
2607100204
2607100205
2607100206
2607100207
2607100208
2607100209
2607100210
2607100211
2607100212
2607100213
2607100214
2607100215
2607100216
2607100217
2607100218
2607100219
2607100220
2607100221
2607100222
2607100223
2607100224
2607100225
2607100226
2607100227
2607100228
2607100229
2607100230
2607100231
2701100101
2701100102
2701100103
2701100104
2701100105
2701100106
2701100107
2701100108
2701100109
2701100110
2701100111
2701100112
2701100113
2701100114
2701100115
2701100116
2701100117
2701100118
2701100119
2701100120
2701100121
2701100122
2701100123
2701100124
2701100125
2701100126
2701100127
2701100128
2701100129
2701100130
2701100131
2701100132
2701100201
2701100202
2701100203
2701100204
2701100205
2701100206
2701100207
2701100208
2701100209
2701100210
2701100211
2701100212
2701100213
2701100214
2701100215
2701100216
2701100217
2701100218
2701100219
2701100220
2701100221
2701100222
2701100223
2701100224
2701100225
2701100226
2701100227
2701100228
2701100229
2701100230
2701100231
2701100232
2702100101
2702100102
2702100103
2702100104
2702100105
2702100106
2702100107
2702100108
2702100109
2702100110
2702100111
2702100112
2702100113
2702100114
2702100115
2702100116
2702100117
2702100118
2702100119
2702100120
2702100121
2702100122
2702100123
2702100124
2702100125
2702100126
2702100127
2702100128
2702100129
2702100130
2702100131
2702100132
2702100133
2702100201
2702100202
2702100203
2702100204
2702100205
2702100206
2702100207
2702100208
2702100209
2702100210
2702100211
2702100212
2702100213
2702100214
2702100215
2702100216
2702100217
2702100218
2702100219
2702100220
2702100221
2702100222
2702100223
2702100224
2702100225
2702100226
2702100227
2702100228
2702100229
2702100230
2702100231
2702100232
2702100233
2702100301
2702100302
2702100303
2702100304
2702100305
2702100306
2702100307
2702100308
2702100309
2702100310
2702100311
2702100312
2702100313
2702100314
2702100315
2702100316
2702100317
2702100318
2702100319
2702100320
2702100321
2702100322
2702100323
2702100324
2702100325
2702100326
2702100327
2702100328
2702100329
2702100330
2702100331
2702100332
2702100333
2702100334
2702100401
2702100402
2702100403
2702100404
2702100405
2702100406
2702100407
2702100408
2702100409
2702100410
2702100411
2702100412
2702100413
2702100414
2702100415
2702100416
2702100417
2702100418
2702100419
2702100420
2702100421
2702100422
2702100423
2702100424
2702100425
2702100426
2702100427
2702100428
2702100429
2702100430
2702100431
2702100432
2702100433
2702100434
2703100101
2703100102
2703100103
2703100104
2703100105
2703100106
2703100107
2703100108
2703100109
2703100110
2703100111
2703100112
2703100113
2703100114
2703100115
2703100116
2703100117
2703100118
2703100119
2703100120
2703100121
2703100122
2703100123
2703100124
2703100125
2703100126
2703100127
2703100128
2703100129
2703100130
2706100101
2706100102
2706100103
2706100104
2706100105
2706100106
2706100107
2706100108
2706100109
2706100110
2706100111
2706100112
2706100113
2706100114
2706100115
2706100116
2706100117
2706100118
2706100119
2706100120
2706100121
2706100122
2706100123
2706100124
2706100125
2706100126
2706100127
2706100128
2706100129
2706100130
2706100131
2706100132
2707100101
2707100102
2707100103
2707100104
2707100105
2707100106
2707100107
2707100108
2707100109
2707100110
2707100111
2707100112
2707100113
2707100114
2707100115
2707100116
2707100117
2707100118
2707100119
2707100120
2707100121
2707100122
2707100123
2707100124
2707100125
2707100126
2707100127
2707100128
2708100101
2708100102
2708100103
2708100104
2708100105
2708100106
2708100107
2708100108
2708100109
2708100110
2708100111
2708100112
2708100113
2708100114
2708100115
2708100116
2708100117
2708100118
2708100119
2708100120
2708100121
2708100122
2708100123
2708100124
2708100125
2708100126
2708100127
2708100128
2708100129
2708100130
2708100131
2708100132
2708100133
2708100134
2708100135
2709100101
2709100102
2709100103
2709100104
2709100105
2709100106
2709100107
2709100108
2709100109
2709100110
2709100111
2709100112
2709100113
2709100114
2709100115
2709100116
2709100117
2709100118
2709100119
2709100120
2709100121
2709100122
2709100123
2709100124
2709100125
2709100126
2709100127
2709100128
2709100129
2709100130
2709100131
2709100132
2709100133
2801100101
2801100102
2801100103
2801100104
2801100105
2801100106
2801100107
2801100108
2801100109
2801100110
2801100111
2801100112
2801100113
2801100114
2801100115
2801100116
2801100117
2801100118
2801100119
2801100120
2801100121
2801100122
2801100123
2801100124
2801100125
2801100126
2801100127
2801100128
2801100129
2801100130
2801100131
2801100132
2801100133
2801100134
2801100201
2801100202
2801100203
2801100204
2801100205
2801100206
2801100207
2801100208
2801100209
2801100210
2801100211
2801100212
2801100213
2801100214
2801100215
2801100216
2801100217
2801100218
2801100219
2801100220
2801100221
2801100222
2801100223
2801100224
2801100225
2801100226
2801100227
2801100228
2801100229
2801100230
2801100231
2801100232
2801100233
2801100234
2801100301
2801100302
2801100303
2801100304
2801100305
2801100306
2801100307
2801100308
2801100309
2801100310
2801100311
2801100312
2801100313
2801100314
2801100315
2801100316
2801100317
2801100318
2801100319
2801100320
2801100321
2801100322
2801100323
2801100324
2801100325
2801100326
2801100327
2801100328
2801100329
2801100330
2801100331
2801100332
2801100333
2801100334
2801100401
2801100402
2801100403
2801100404
2801100405
2801100406
2801100407
2801100408
2801100409
2801100410
2801100411
2801100412
2801100413
2801100414
2801100415
2801100416
2801100417
2801100418
2801100419
2801100420
2801100421
2801100422
2801100423
2801100424
2801100425
2801100426
2801100427
2801100428
2801100429
2801100430
2801100431
2801100432
2801100433
2801100434
2801100501
2801100502
2801100503
2801100504
2801100505
2801100506
2801100507
2801100508
2801100509
2801100510
2801100511
2801100512
2801100513
2801100514
2801100515
2801100516
2801100517
2801100518
2801100519
2801100520
2801100521
2801100522
2801100523
2801100524
2801100525
2801100526
2801100527
2801100528
2801100529
2801100530
2801100531
2801100532
2801100533
2801100601
2801100602
2801100603
2801100604
2801100605
2801100606
2801100607
2801100608
2801100609
2801100610
2801100611
2801100612
2801100613
2801100614
2801100615
2801100616
2801100617
2801100618
2801100619
2801100620
2801100621
2801100622
2801100623
2801100624
2801100625
2801100626
2801100627
2801100628
2801100629
2801100630
2801100631
2801100632
2801100633
2801100701
2801100702
2801100703
2801100704
2801100705
2801100706
2801100707
2801100708
2801100709
2801100710
2801100711
2801100712
2801100713
2801100714
2801100715
2801100716
2801100717
2801100718
2801100719
2801100720
2801100721
2801100722
2801100723
2801100724
2801100725
2801100726
2801100727
2801100728
2801100729
2801100730
2801100731
2801100732
2801100733
2801100801
2801100802
2801100803
2801100804
2801100805
2801100806
2801100807
2801100808
2801100809
2801100810
2801100811
2801100812
2801100813
2801100814
2801100815
2801100816
2801100817
2801100818
2801100819
2801100820
2801100821
2801100822
2801100823
2801100824
2801100825
2801100826
2801100827
2801100828
2801100829
2801100830
2801100831
2801100832
2801100833
2801100901
2801100902
2801100903
2801100904
2801100905
2801100906
2801100907
2801100908
2801100909
2801100910
2801100911
2801100912
2801100913
2801100914
2801100915
2801100916
2801100917
2801100918
2801100919
2801100920
2801100921
2801100922
2801100923
2801100924
2801100925
2801100926
2801100927
2801100928
2801100929
2801100930
2801100931
2801100932
2801100933
2801101001
2801101002
2801101003
2801101004
2801101005
2801101006
2801101007
2801101008
2801101009
2801101010
2801101011
2801101012
2801101013
2801101014
2801101015
2801101016
2801101017
2801101018
2801101019
2801101020
2801101021
2801101022
2801101023
2801101024
2801101025
2801101026
2801101027
2801101028
2801101029
2801101030
2801101031
2801101032
2801101033
2801101101
2801101102
2801101103
2801101104
2801101105
2801101106
2801101107
2801101108
2801101109
2801101110
2801101111
2801101112
2801101113
2801101114
2801101115
2801101116
2801101117
2801101118
2801101119
2801101120
2801101121
2801101122
2801101123
2801101124
2801101125
2801101126
2801101127
2801101128
2801101129
2801101130
2801101131
2801101132
2801101133
2801101201
2801101202
2801101203
2801101204
2801101205
2801101206
2801101207
2801101208
2801101209
2801101210
2801101211
2801101212
2801101213
2801101214
2801101215
2801101216
2801101217
2801101218
2801101219
2801101220
2801101221
2801101222
2801101223
2801101224
2801101225
2801101226
2801101227
2801101228
2801101229
2801101230
2801101231
2801101232
2801101233
2802100101
2802100102
2802100103
2802100104
2802100105
2802100106
2802100107
2802100108
2802100109
2802100110
2802100111
2802100112
2802100113
2802100114
2802100115
2802100116
2802100117
2802100118
2802100119
2802100120
2802100121
2802100122
2802100123
2802100124
2802100125
2802100126
2802100127
2802100128
2802100129
2802100130
2802100131
2802100132
2802100133
2802100201
2802100202
2802100203
2802100204
2802100205
2802100206
2802100207
2802100208
2802100209
2802100210
2802100211
2802100212
2802100213
2802100214
2802100215
2802100216
2802100217
2802100218
2802100219
2802100220
2802100221
2802100222
2802100223
2802100224
2802100225
2802100226
2802100227
2802100228
2802100229
2802100230
2802100231
2802100232
2802100233
2802100301
2802100302
2802100303
2802100304
2802100305
2802100306
2802100307
2802100308
2802100309
2802100310
2802100311
2802100312
2802100313
2802100314
2802100315
2802100316
2802100317
2802100318
2802100319
2802100320
2802100321
2802100322
2802100323
2802100324
2802100325
2802100326
2802100327
2802100328
2802100329
2802100330
2802100331
2802100332
2805100101
2805100102
2805100103
2805100104
2805100105
2805100106
2805100107
2805100108
2805100109
2805100110
2805100111
2805100112
2805100113
2805100114
2805100115
2805100116
2805100117
2805100118
2805100119
2805100120
2805100121
2805100122
2805100123
2805100124
2805100125
2805100126
2805100127
2805100128
2805100129
2805100130
2805100131
2805100132
2805100133
2805100134
2805100135
2805100201
2805100202
2805100203
2805100204
2805100205
2805100206
2805100207
2805100208
2805100209
2805100210
2805100211
2805100212
2805100213
2805100214
2805100215
2805100216
2805100217
2805100218
2805100219
2805100220
2805100221
2805100222
2805100223
2805100224
2805100225
2805100226
2805100227
2805100228
2805100229
2805100230
2805100231
2805100232
2805100233
2805100234
2805100235
2805100301
2805100302
2805100303
2805100304
2805100305
2805100306
2805100307
2805100308
2805100309
2805100310
2805100311
2805100312
2805100313
2805100314
2805100315
2805100316
2805100317
2805100318
2805100319
2805100320
2805100321
2805100322
2805100323
2805100324
2805100325
2805100326
2805100327
2805100328
2805100329
2805100330
2805100331
2805100332
2805100333
2805100334
2805100335
2901100101
2901100102
2901100103
2901100104
2901100105
2901100106
2901100107
2901100108
2901100109
2901100110
2901100111
2901100112
2901100113
2901100114
2901100115
2901100116
2901100117
2901100118
2901100119
2901100120
2901100121
2901100122
2901100123
2901100124
2901100125
2901100126
2901100127
2901100128
2901100129
2901100130
2901100131
2901100132
2902100101
2902100102
2902100103
2902100104
2902100105
2902100106
2902100107
2902100108
2902100109
2902100110
2902100111
2902100112
2902100113
2902100114
2902100115
2902100116
2902100117
2902100118
2902100119
2902100120
2902100121
2902100122
2902100123
2902100124
2902100125
2902100126
2902100127
2902100128
2902100129
2902100130
2902100131
2902100132
2902100133
2902100201
2902100202
2902100203
2902100204
2902100205
2902100206
2902100207
2902100208
2902100209
2902100210
2902100211
2902100212
2902100213
2902100214
2902100215
2902100216
2902100217
2902100218
2902100219
2902100220
2902100221
2902100222
2902100223
2902100224
2902100225
2902100226
2902100227
2902100228
2902100229
2902100230
2902100231
2902100232
2902100233
2902100301
2902100302
2902100303
2902100304
2902100305
2902100306
2902100307
2902100308
2902100309
2902100310
2902100311
2902100312
2902100313
2902100314
2902100315
2902100316
2902100317
2902100318
2902100319
2902100320
2902100321
2902100322
2902100323
2902100324
2902100325
2902100326
2902100327
2902100328
2902100329
2902100330
2902100331
2902100332
2902100333
2903100101
2903100102
2903100103
2903100104
2903100105
2903100106
2903100107
2903100108
2903100109
2903100110
2903100111
2903100112
2903100113
2903100114
2903100115
2903100116
2903100117
2903100118
2903100119
2903100120
2903100121
2903100122
2903100123
2903100124
2903100125
2903100126
2903100127
2903100128
2903100129
2903100130
2903100131
2903100132
2903100201
2903100202
2903100203
2903100204
2903100205
2903100206
2903100207
2903100208
2903100209
2903100210
2903100211
2903100212
2903100213
2903100214
2903100215
2903100216
2903100217
2903100218
2903100219
2903100220
2903100221
2903100222
2903100223
2903100224
2903100225
2903100226
2903100227
2903100228
2903100229
2903100230
2903100231
2903100232
2903100301
2903100302
2903100303
2903100304
2903100305
2903100306
2903100307
2903100308
2903100309
2903100310
2903100311
2903100312
2903100313
2903100314
2903100315
2903100316
2903100317
2903100318
2903100319
2903100320
2903100321
2903100322
2903100323
2903100324
2903100325
2903100326
2903100327
2903100328
2903100329
2903100330
2903100331
2904100101
2904100102
2904100103
2904100104
2904100105
2904100106
2904100107
2904100108
2904100109
2904100110
2904100111
2904100112
2904100113
2904100114
2904100115
2904100116
2904100117
2904100118
2904100119
2904100120
2904100121
2904100122
2904100123
2904100124
2904100125
2904100126
2904100127
2904100128
2904100129
2904100130
2904100131
2904100132
2904100201
2904100202
2904100203
2904100204
2904100205
2904100206
2904100207
2904100208
2904100209
2904100210
2904100211
2904100212
2904100213
2904100214
2904100215
2904100216
2904100217
2904100218
2904100219
2904100220
2904100221
2904100222
2904100223
2904100224
2904100225
2904100226
2904100227
2904100228
2904100229
2904100230
2904100231
2904100232
2904100301
2904100302
2904100303
2904100304
2904100305
2904100306
2904100307
2904100308
2904100309
2904100310
2904100311
2904100312
2904100313
2904100314
2904100315
2904100316
2904100317
2904100318
2904100319
2904100320
2904100321
2904100322
2904100323
2904100324
2904100325
2904100326
2904100327
2904100328
2904100329
2904100330
2904100331
2906100101
2906100102
2906100103
2906100104
2906100105
2906100106
2906100107
2906100108
2906100109
2906100110
2906100111
2906100112
2906100113
2906100114
2906100115
2906100116
2906100117
2906100118
2906100119
2906100120
2906100121
2906100122
2906100123
2906100124
2906100125
2906100126
2906100127
2906100128
2906100129
2906100130
2906100131
2906100201
2906100202
2906100203
2906100204
2906100205
2906100206
2906100207
2906100208
2906100209
2906100210
2906100211
2906100212
2906100213
2906100214
2906100215
2906100216
2906100217
2906100218
2906100219
2906100220
2906100221
2906100222
2906100223
2906100224
2906100225
2906100226
2906100227
2906100228
2906100229
2906100230
2906100231
2907100101
2907100102
2907100103
2907100104
2907100105
2907100106
2907100107
2907100108
2907100109
2907100110
2907100111
2907100112
2907100113
2907100114
2907100115
2907100116
2907100117
2907100118
2907100119
2907100120
2907100121
2907100122
2907100123
2907100124
2907100125
2907100126
2907100127
2907100128
2907100129
2907100130
2907100131
2907100132
2907100133
2907100134
2907100135
2907100136
2908100101
2908100102
2908100103
2908100104
2908100105
2908100106
2908100107
2908100108
2908100109
2908100110
2908100111
2908100112
2908100113
2908100114
2908100115
2908100116
2908100117
2908100118
2908100119
2908100120
2908100121
2908100122
2908100123
2908100124
2908100125
2908100126
2908100127
2908100128
2908100129
2908100130
2908100131
3102100101
3102100102
3102100103
3102100104
3102100105
3102100106
3102100107
3102100108
3102100109
3102100110
3102100111
3102100112
3102100113
3102100114
3102100115
3102100116
3102100117
3102100118
3102100119
3102100120
3102100121
3102100122
3102100123
3102100124
3102100125
3102100126
3102100127
3102100128
3102100129
3102100130
3102100201
3102100202
3102100203
3102100204
3102100205
3102100206
3102100207
3102100208
3102100209
3102100210
3102100211
3102100212
3102100213
3102100214
3102100215
3102100216
3102100217
3102100218
3102100219
3102100220
3102100221
3102100222
3102100223
3102100224
3102100225
3102100226
3102100227
3102100228
3102100229
3102100230
3102100301
3102100302
3102100303
3102100304
3102100305
3102100306
3102100307
3102100308
3102100309
3102100310
3102100311
3102100312
3102100313
3102100314
3102100315
3102100316
3102100317
3102100318
3102100319
3102100320
3102100321
3102100322
3102100323
3102100324
3102100325
3102100326
3102100327
3102100328
3102100329
3102100330
3102100401
3102100402
3102100403
3102100404
3102100405
3102100406
3102100407
3102100408
3102100409
3102100410
3102100411
3102100412
3102100413
3102100414
3102100415
3102100416
3102100417
3102100418
3102100419
3102100420
3102100421
3102100422
3102100423
3102100424
3102100425
3102100426
3102100427
3102100428
3102100429
3102100430
3102100501
3102100502
3102100503
3102100504
3102100505
3102100506
3102100507
3102100508
3102100509
3102100510
3102100511
3102100512
3102100513
3102100514
3102100515
3102100516
3102100517
3102100518
3102100519
3102100520
3102100521
3102100522
3102100523
3102100524
3102100525
3102100526
3102100527
3102100528
3102100529
3105100101
3105100102
3105100103
3105100104
3105100105
3105100106
3105100107
3105100108
3105100109
3105100110
3105100111
3105100112
3105100113
3105100114
3105100115
3105100116
3105100117
3105100118
3105100119
3105100120
3105100121
3105100122
3105100123
3105100124
3105100125
3105100126
3105100127
3105100128
3105100129
3105100130
3105100201
3105100202
3105100203
3105100204
3105100205
3105100206
3105100207
3105100208
3105100209
3105100210
3105100211
3105100212
3105100213
3105100214
3105100215
3105100216
3105100217
3105100218
3105100219
3105100220
3105100221
3105100222
3105100223
3105100224
3105100225
3105100226
3105100227
3105100228
3105100229
3105100301
3105100302
3105100303
3105100304
3105100305
3105100306
3105100307
3105100308
3105100309
3105100310
3105100311
3105100312
3105100313
3105100314
3105100315
3105100316
3105100317
3105100318
3105100319
3105100320
3105100321
3105100322
3105100323
3105100324
3105100325
3105100326
3105100327
3105100328
3105100329
3105100330
3105100331
3105100332
3105100333
3105100334
3105100335
3105100336
3105100337
3105100401
3105100402
3105100403
3105100404
3105100405
3105100406
3105100407
3105100408
3105100409
3105100410
3105100411
3105100412
3105100413
3105100414
3105100415
3105100416
3105100417
3105100418
3105100419
3105100420
3105100421
3105100422
3105100423
3105100424
3105100425
3105100426
3105100427
3105100428
3105100429
3105100430
3105100431
3105100432
3105100433
3105100434
3105100435
3105100436
3105100437
3105100501
3105100502
3105100503
3105100504
3105100505
3105100506
3105100507
3105100508
3105100509
3105100510
3105100511
3105100512
3105100513
3105100514
3105100515
3105100516
3105100517
3105100518
3105100519
3105100520
3105100521
3105100522
3105100523
3105100524
3105100525
3105100526
3105100527
3105100528
3105100529
3105100530
3105100531
3105100532
3105100533
3105100534
3105100535
3106100101
3106100102
3106100103
3106100104
3106100105
3106100106
3106100107
3106100108
3106100109
3106100110
3106100111
3106100112
3106100113
3106100114
3106100115
3106100116
3106100117
3106100118
3106100119
3106100120
3106100121
3106100122
3106100123
3106100124
3106100125
3106100126
3106100127
3106100128
3106100129
3106100130
3106100131
3106100132
3106100133
3106100134
3106100135
3106100136
3106100137
3106100138
3106100139
3106100140
3106100141
3201100101
3201100102
3201100103
3201100104
3201100105
3201100106
3201100107
3201100108
3201100109
3201100110
3201100111
3201100112
3201100113
3201100114
3201100115
3201100116
3201100117
3201100118
3201100119
3201100120
3201100121
3201100122
3201100123
3201100124
3201100125
3201100126
3201100127
3201100128
3201100129
3201100130
3201100131
3201100132
3201100133
3201100134
3201100135
3201100201
3201100202
3201100203
3201100204
3201100205
3201100206
3201100207
3201100208
3201100209
3201100210
3201100211
3201100212
3201100213
3201100214
3201100215
3201100216
3201100217
3201100218
3201100219
3201100220
3201100221
3201100222
3201100223
3201100224
3201100225
3201100226
3201100227
3201100228
3201100229
3201100230
3201100231
3201100232
3201100233
3201100234
3201100235
3201100301
3201100302
3201100303
3201100304
3201100305
3201100306
3201100307
3201100308
3201100309
3201100310
3201100311
3201100312
3201100313
3201100314
3201100315
3201100316
3201100317
3201100318
3201100319
3201100320
3201100321
3201100322
3201100323
3201100324
3201100325
3201100326
3201100327
3201100328
3201100329
3201100330
3201100331
3201100332
3201100333
3201100334
3201100335
3201100336
3201100337
3201100338
3201100339
3201100340
3201100401
3201100402
3201100403
3201100404
3201100405
3201100406
3201100407
3201100408
3201100409
3201100410
3201100411
3201100412
3201100413
3201100414
3201100415
3201100416
3201100417
3201100418
3201100419
3201100420
3201100421
3201100422
3201100423
3201100424
3201100425
3201100426
3201100427
3201100428
3201100429
3201100430
3201100431
3201100432
3201100433
3201100434
3201100435
3201100436
3201100437
3201100438
3201100439
3201100440
3201100501
3201100502
3201100503
3201100504
3201100505
3201100506
3201100507
3201100508
3201100509
3201100510
3201100511
3201100512
3201100513
3201100514
3201100515
3201100516
3201100517
3201100518
3201100519
3201100520
3201100521
3201100522
3201100523
3201100524
3201100525
3201100526
3204100101
3204100102
3204100103
3204100104
3204100105
3204100106
3204100107
3204100108
3204100109
3204100110
3204100111
3204100112
3204100113
3204100114
3204100115
3204100116
3204100117
3204100118
3204100119
3204100120
3204100121
3204100122
3204100123
3204100124
3204100125
3204100126
3204100127
3204100128
3204100129
3204100130
3204100131
3204100132
3204100133
3204100134
3204100135
3204100136
3204100137
3204100138
3204100139
3204100140
3204100201
3204100202
3204100203
3204100204
3204100205
3204100206
3204100207
3204100208
3204100209
3204100210
3204100211
3204100212
3204100213
3204100214
3204100215
3204100216
3204100217
3204100218
3204100219
3204100220
3204100221
3204100222
3204100223
3204100224
3204100225
3204100226
3204100227
3204100228
3204100229
3204100230
3204100231
3204100232
3204100233
3204100234
3204100235
3204100236
3204100237
3204100238
3204100239
3205100101
3205100102
3205100103
3205100104
3205100105
3205100106
3205100107
3205100108
3205100109
3205100110
3205100111
3205100112
3205100113
3205100114
3205100115
3205100116
3205100117
3205100118
3205100119
3205100120
3205100121
3205100122
3205100123
3205100124
3205100125
3205100126
3205100127
3205100128
3205100129
3205100130
3205100131
3205100132
3205100133
3205100134
3205100135
3205100136
3205100137
3205100138
3205100139
3205100140
3205100141
3205100201
3205100202
3205100203
3205100204
3205100205
3205100206
3205100207
3205100208
3205100209
3205100210
3205100211
3205100212
3205100213
3205100214
3205100215
3205100216
3205100217
3205100218
3205100219
3205100220
3205100221
3205100222
3205100223
3205100224
3205100225
3205100226
3205100227
3205100228
3205100229
3205100230
3205100231
3205100232
3205100233
3205100234
3205100235
3205100236
3205100237
3205100238
3205100239
3205100240
3205100241
3206100101
3206100102
3206100103
3206100104
3206100105
3206100106
3206100107
3206100108
3206100109
3206100110
3206100111
3206100112
3206100113
3206100114
3206100115
3206100116
3206100117
3206100118
3206100119
3206100120
3206100121
3206100122
3206100123
3206100124
3206100125
3206100126
3206100127
3206100128
3206100129
3206100130
3206100131
3206100132
3206100133
3206100134
3206100135
3206100136
3206100201
3206100202
3206100203
3206100204
3206100205
3206100206
3206100207
3206100208
3206100209
3206100210
3206100211
3206100212
3206100213
3206100214
3206100215
3206100216
3206100217
3206100218
3206100219
3206100220
3206100221
3206100222
3206100223
3206100224
3206100225
3206100226
3206100227
3206100228
3206100229
3206100230
3206100231
3206100232
3206100233
3206100234
3206100235
3206100236
3304100101
3304100102
3304100103
3304100104
3304100105
3304100106
3304100107
3304100108
3304100109
3304100110
3304100111
3304100112
3304100113
3304100114
3304100115
3304100116
3304100117
3304100118
3304100119
3304100120
3304100121
3304100122
3304100123
3304100124
3304100125
3304100126
3304100127
3304100128
3304100129
3304100130
3304100131
3304100132
3304100133
3304100134
3304100135
3304100136
3304100137
3304100138
3304100139
3304100140
3304100141
3304100142
3305100101
3305100102
3305100103
3305100104
3305100105
3305100106
3305100107
3305100108
3305100109
3305100110
3305100111
3305100112
3305100113
3305100114
3305100115
3305100116
3305100117
3305100118
3305100119
3305100120
3305100121
3305100122
3305100123
3305100124
3305100125
3305100126
3305100127
3305100128
3305100129
3305100130
3305100131
3305100132
3305100133
3305100134
3305100135
3305100136
3305100137
3305100138
3305100139
3305100140
3305100141
3305100142
3305100143
3305100144
3305100145
3306100101
3306100102
3306100103
3306100104
3306100105
3306100106
3306100107
3306100108
3306100109
3306100110
3306100111
3306100112
3306100113
3306100114
3306100115
3306100116
3306100117
3306100118
3306100119
3306100120
3306100121
3306100122
3306100123
3306100124
3306100125
3306100126
3306100127
3306100128
3306100129
3306100130
3306100131
3306100132
3306100133
3306100134
3306100201
3306100202
3306100203
3306100204
3306100205
3306100206
3306100207
3306100208
3306100209
3306100210
3306100211
3306100212
3306100213
3306100214
3306100215
3306100216
3306100217
3306100218
3306100219
3306100220
3306100221
3306100222
3306100223
3306100224
3306100225
3306100226
3306100227
3306100228
3306100229
3306100230
3306100231
3306100232
3306100233
3306100234
3307100101
3307100102
3307100103
3307100104
3307100105
3307100106
3307100107
3307100108
3307100109
3307100110
3307100111
3307100112
3307100113
3307100114
3307100115
3307100116
3307100117
3307100118
3307100119
3307100120
3307100121
3307100122
3307100123
3307100124
3307100125
3307100201
3307100202
3307100203
3307100204
3307100205
3307100206
3307100207
3307100208
3307100209
3307100210
3307100211
3307100212
3307100213
3307100214
3307100215
3307100216
3307100217
3307100218
3307100219
3307100220
3307100221
3307100222
3307100223
3307100224
3307100225
3307100301
3307100302
3307100303
3307100304
3307100305
3307100306
3307100307
3307100308
3307100309
3307100310
3307100311
3307100312
3307100313
3307100314
3307100315
3307100316
3307100317
3307100318
3307100319
3307100320
3307100321
3307100322
3307100323
3307100324
4101100101
4101100102
4101100103
4101100104
4101100105
4101100106
4101100107
4101100108
4101100109
4101100110
4101100111
4101100112
4101100113
4101100114
4101100115
4101100116
4101100117
4101100118
4101100119
4101100120
4101100121
4101100122
4101100123
4101100124
4101100125
4101100126
4101100127
4101100128
4101100129
4101100130
4101100131
4101100201
4101100202
4101100203
4101100204
4101100205
4101100206
4101100207
4101100208
4101100209
4101100210
4101100211
4101100212
4101100213
4101100214
4101100215
4101100216
4101100217
4101100218
4101100219
4101100220
4101100221
4101100222
4101100223
4101100224
4101100225
4101100226
4101100227
4101100228
4101100229
4101100230
4101100231
4101100301
4101100302
4101100303
4101100304
4101100305
4101100306
4101100307
4101100308
4101100309
4101100310
4101100311
4101100312
4101100313
4101100314
4101100315
4101100316
4101100317
4101100318
4101100319
4101100320
4101100321
4101100322
4101100323
4101100324
4101100325
4101100326
4101100327
4101100328
4101100329
4101100330
4101100331
4101100401
4101100402
4101100403
4101100404
4101100405
4101100406
4101100407
4101100408
4101100409
4101100410
4101100411
4101100412
4101100413
4101100414
4101100415
4101100416
4101100417
4101100418
4101100419
4101100420
4101100421
4101100422
4101100423
4101100424
4101100425
4101100426
4101100427
4101100428
4101100429
4101100430
4102100101
4102100102
4102100103
4102100104
4102100105
4102100106
4102100107
4102100108
4102100109
4102100110
4102100111
4102100112
4102100113
4102100114
4102100115
4102100116
4102100117
4102100118
4102100119
4102100120
4102100121
4102100122
4102100123
4102100124
4102100125
4102100126
4102100127
4102100128
4102100129
4102100201
4102100202
4102100203
4102100204
4102100205
4102100206
4102100207
4102100208
4102100209
4102100210
4102100211
4102100212
4102100213
4102100214
4102100215
4102100216
4102100217
4102100218
4102100219
4102100220
4102100221
4102100222
4102100223
4102100224
4102100225
4102100226
4102100227
4102100228
4103100101
4103100102
4103100103
4103100104
4103100105
4103100106
4103100107
4103100108
4103100109
4103100110
4103100111
4103100112
4103100113
4103100114
4103100115
4103100116
4103100117
4103100118
4103100119
4103100120
4103100121
4103100122
4103100123
4103100124
4103100125
4103100126
4103100127
4103100128
4103100129
4103100130
4103100131
4103100132
4103100133
4103100134
4103100201
4103100202
4103100203
4103100204
4103100205
4103100206
4103100207
4103100208
4103100209
4103100210
4103100211
4103100212
4103100213
4103100214
4103100215
4103100216
4103100217
4103100218
4103100219
4103100220
4103100221
4103100222
4103100223
4103100224
4103100225
4103100226
4103100227
4103100228
4103100229
4103100230
4103100231
4103100232
4103100233

