201211010101
201211010102
201211010103
201211010104
201211010105
201211010106
201211010107
201211010108
201211010109
201211010110
201211010111
201211010112
201211010113
201211010114
201211010115
201211010116
201211010117
201211010118
201211010119
201211010120
201211010121
201211010122
201211010123
201211010124
201211010125
201211010126
201211010127
201211010128
201211010129
201211010130
201211010131
201211010132
201211010133
201211030101
201211030102
201211030103
201211030104
201211030105
201211030106
201211030107
201211030108
201211030109
201211030110
201211030111
201211030112
201211030113
201211030114
201211030115
201211030116
201211030117
201211030118
201211030119
201211030120
201211030121
201211030122
201211030123
201211030124
201211030125
201211030126
201211030127
201211030128
201211030129
201211030130
201211030131
201211030132
201211030133
201211030134
201211030135
201211030136
201211020101
201211020102
201211020103
201211020104
201211020105
201211020106
201211020107
201211020108
201211020109
201211020110
201211020111
201211020112
201211020113
201211020114
201211020115
201211020116
201211020117
201211020118
201211020119
201211020120
201211020121
201211020122
201211020123
201211020124
201211020125
201211020126
201211020127
201211020128
201211020129
201211020130
201211020131
201211020132
201211020133
201211020134
201211020135
201211020136
201211020137
201211020138
201211020139
201211020140
201211080101
201211080102
201211080103
201211080104
201211080105
201211080106
201211080107
201211080108
201211080109
201211080110
201211080111
201211080112
201211080113
201211080114
201211080115
201211080116
201211080117
201211080118
201211080119
201211080120
201211080121
201211080122
201211080123
201211080124
201211080125
201211080126
201211080127
201211080128
201211080129
201211080130
201211080131
201211080132
201211080133
201211080134
201211080135
201211080136
201211080137
201211080138
201212020101
201212020102
201212020103
201212020104
201212020105
201212020106
201212020107
201212020108
201212020109
201212020110
201212020111
201212020112
201212020113
201212020114
201212020115
201212020116
201212020117
201212020118
201212020119
201212020120
201212020121
201212020122
201212020123
201212020124
201212020125
201212020126
201212020127
201212020128
201212020129
201212020130
201212020131
201212010101
201212010102
201212010103
201212010104
201212010105
201212010106
201212010107
201212010108
201212010109
201212010110
201212010111
201212010112
201212010113
201212010114
201212010115
201212010116
201212010117
201212010118
201212010119
201212010120
201212010121
201212010122
201212010123
201212010124
201212010125
201212010126
201212010127
201212010128
201212010129
201212010130
201212030101
201212030102
201212030103
201212030104
201212030105
201212030106
201212030107
201212030108
201212030109
201212030110
201212030111
201212030112
201212030113
201212030114
201212030115
201212030116
201212030117
201212030118
201212030119
201212030120
201212030121
201212030122
201212030123
201212030124
201212030125
201212030126
201212030127
201212030128
201212030129
201212030130
201212030131
201212030132
201212030133
201212030201
201212030202
201212030203
201212030204
201212030205
201212030206
201212030207
201212030208
201212030209
201212030210
201212030211
201212030212
201212030213
201212030214
201212030215
201212030216
201212030217
201212030218
201212030219
201212030220
201212030221
201212030222
201212030223
201212030224
201212030225
201212030226
201212030227
201212030228
201212030229
201212030230
201212030231
201212030232
201212030233
201213010101
201213010102
201213010103
201213010104
201213010105
201213010106
201213010107
201213010108
201213010109
201213010110
201213010111
201213010112
201213010113
201213010114
201213010115
201213010116
201213010117
201213010118
201213010119
201213010120
201213010121
201213010122
201213010123
201213010124
201213010201
201213010202
201213010203
201213010204
201213010205
201213010206
201213010207
201213010208
201213010209
201213010210
201213010211
201213010212
201213010213
201213010214
201213010215
201213010216
201213010217
201213010218
201213010219
201213010220
201213010221
201213010222
201213010223
201213020101
201213020102
201213020103
201213020104
201213020105
201213020106
201213020107
201213020108
201213020109
201213020110
201213020111
201213020112
201213020113
201213020114
201213020115
201213020116
201213020117
201213020118
201213020119
201213020120
201214010101
201214010102
201214010103
201214010104
201214010105
201214010106
201214010107
201214010108
201214010109
201214010110
201214010111
201214010112
201214010113
201214010114
201214010115
201214010116
201214010117
201214010118
201214010119
201214010120
201214010121
201214010122
201214010123
201214010124
201214010125
201221070101
201221070102
201221070103
201221070104
201221070105
201221070106
201221070107
201221070108
201221070109
201221070110
201221070111
201221070112
201221070113
201221070114
201221070115
201221070116
201221070117
201221070118
201221070119
201221070120
201221070121
201221070122
201221070123
201221070124
201221070125
201221070126
201221070127
201221070128
201221070129
201221070130
201221020101
201221020102
201221020103
201221020104
201221020105
201221020106
201221020107
201221020108
201221020109
201221020110
201221020111
201221020112
201221020113
201221020114
201221020115
201221020116
201221020117
201221020118
201221020119
201221020120
201221020121
201221020122
201221020123
201221020124
201221020125
201221020126
201221020127
201221020128
201221020129
201221020201
201221020202
201221020203
201221020204
201221020205
201221020206
201221020207
201221020208
201221020209
201221020210
201221020211
201221020212
201221020213
201221020214
201221020215
201221020216
201221020217
201221020218
201221020219
201221020220
201221020221
201221020222
201221020223
201221020224
201221020225
201221020226
201221020227
201221020228
201221020229
201221020301
201221020302
201221020303
201221020304
201221020305
201221020306
201221020307
201221020308
201221020309
201221020310
201221020311
201221020312
201221020313
201221020314
201221020315
201221020316
201221020317
201221020318
201221020319
201221020320
201221020321
201221020322
201221020323
201221020324
201221020325
201221020326
201221020327
201221020328
201221020329
201221020401
201221020402
201221020403
201221020404
201221020405
201221020406
201221020407
201221020408
201221020409
201221020410
201221020411
201221020412
201221020413
201221020414
201221020415
201221020416
201221020417
201221020418
201221020419
201221020420
201221020421
201221020422
201221020423
201221020424
201221020425
201221020426
201221020427
201221020428
201221020429
201221030101
201221030102
201221030103
201221030104
201221030105
201221030106
201221030107
201221030108
201221030109
201221030110
201221030111
201221030112
201221030113
201221030114
201221030115
201221030116
201221030117
201221030118
201221030119
201221030120
201221030121
201221030122
201221030123
201221030124
201221030125
201221030126
201221030127
201221030128
201221030129
201221030130
201221030131
201221030132
201221030133
201221030201
201221030202
201221030203
201221030204
201221030205
201221030206
201221030207
201221030208
201221030209
201221030210
201221030211
201221030212
201221030213
201221030214
201221030215
201221030216
201221030217
201221030218
201221030219
201221030220
201221030221
201221030222
201221030223
201221030224
201221030225
201221030226
201221030227
201221030228
201221030229
201221030230
201221030231
201221030232
201221030233
201221030301
201221030302
201221030303
201221030304
201221030305
201221030306
201221030307
201221030308
201221030309
201221030310
201221030311
201221030312
201221030313
201221030314
201221030315
201221030316
201221030317
201221030318
201221030319
201221030320
201221030321
201221030322
201221030323
201221030324
201221030325
201221030326
201221030327
201221030328
201221030329
201221030330
201221030331
201221030332
201221030333
201221080101
201221080102
201221080103
201221080104
201221080105
201221080106
201221080107
201221080108
201221080109
201221080110
201221080111
201221080112
201221080113
201221080114
201221080115
201221080116
201221080117
201221080118
201221080119
201221080120
201221080121
201221080122
201221080123
201221080124
201221080125
201221080126
201221080127
201221080128
201221080129
201221080130
201221080131
201221080132
201221080133
201221080134
201221080135
201221080136
201221080137
201221080201
201221080202
201221080203
201221080204
201221080205
201221080206
201221080207
201221080208
201221080209
201221080210
201221080211
201221080212
201221080213
201221080214
201221080215
201221080216
201221080217
201221080218
201221080219
201221080220
201221080221
201221080222
201221080223
201221080224
201221080225
201221080226
201221080227
201221080228
201221080229
201221080230
201221080231
201221080232
201221080233
201221080234
201221080235
201221080236
201221080237
201221090101
201221090102
201221090103
201221090104
201221090105
201221090106
201221090107
201221090108
201221090109
201221090110
201221090111
201221090112
201221090113
201221090114
201221090115
201221090116
201221090117
201221090118
201221090119
201221090120
201221090121
201221090122
201221090123
201221090124
201221090125
201221090126
201221090127
201221090128
201221090129
201221090130
201221090201
201221090202
201221090203
201221090204
201221090205
201221090206
201221090207
201221090208
201221090209
201221090210
201221090211
201221090212
201221090213
201221090214
201221090215
201221090216
201221090217
201221090218
201221090219
201221090220
201221090221
201221090222
201221090223
201221090224
201221090225
201221090226
201221090227
201221090228
201221090229
201221090230
201221010101
201221010102
201221010103
201221010104
201221010105
201221010106
201221010107
201221010108
201221010109
201221010110
201221010111
201221010112
201221010113
201221010114
201221010115
201221010116
201221010117
201221010118
201221010119
201221010120
201221010121
201221010122
201221010123
201221010124
201221010125
201221010126
201221010127
201221010128
201221010129
201221010130
201221010201
201221010202
201221010203
201221010204
201221010205
201221010206
201221010207
201221010208
201221010209
201221010210
201221010211
201221010212
201221010213
201221010214
201221010215
201221010216
201221010217
201221010218
201221010219
201221010220
201221010221
201221010222
201221010223
201221010224
201221010225
201221010226
201221010227
201221010228
201221010229
201221010230
201221010301
201221010302
201221010303
201221010304
201221010305
201221010306
201221010307
201221010308
201221010309
201221010310
201221010311
201221010312
201221010313
201221010314
201221010315
201221010316
201221010317
201221010318
201221010319
201221010320
201221010321
201221010322
201221010323
201221010324
201221010325
201221010326
201221010327
201221010328
201221010329
201221010330
201221010401
201221010402
201221010403
201221010404
201221010405
201221010406
201221010407
201221010408
201221010409
201221010410
201221010411
201221010412
201221010413
201221010414
201221010415
201221010416
201221010417
201221010418
201221010419
201221010420
201221010421
201221010422
201221010423
201221010424
201221010425
201221010426
201221010427
201221010428
201221010429
201221010430
201221050201
201221050202
201221050203
201221050204
201221050205
201221050206
201221050207
201221050208
201221050209
201221050210
201221050211
201221050212
201221050213
201221050214
201221050215
201221050216
201221050217
201221050218
201221050219
201221050220
201221050221
201221050222
201221050223
201221050224
201221050225
201221050226
201221050227
201221050228
201221050229
201221050230
201221050231
201221050232
201221050233
201221050234
201221050235
201221050301
201221050302
201221050303
201221050304
201221050305
201221050306
201221050307
201221050308
201221050309
201221050310
201221050311
201221050312
201221050313
201221050314
201221050315
201221050316
201221050317
201221050318
201221050319
201221050320
201221050321
201221050322
201221050323
201221050324
201221050325
201221050326
201221050327
201221050328
201221050329
201221050330
201221050331
201221050332
201221050333
201221050334
201221050335
201221050336
201221050337
201221050338
201221050101
201221050102
201221050103
201221050104
201221050105
201221050106
201221050107
201221050108
201221050109
201221050110
201221050111
201221050112
201221050113
201221050114
201221050115
201221050116
201221050117
201221050118
201221050119
201221050120
201221050121
201221050122
201221050123
201221050124
201221050125
201221050126
201221050127
201221050128
201221050129
201221050130
201221050131
201221050132
201221050133
201221050134
201221050135
201221050136
201221050137
201221050138
201221050139
201221050140
201221050141
201221050142
201221050143
201221050144
201221050145
201221060101
201221060102
201221060103
201221060104
201221060105
201221060106
201221060107
201221060108
201221060109
201221060110
201221060111
201221060112
201221060113
201221060114
201221060115
201221060116
201221060117
201221060118
201221060119
201221060120
201221060121
201221060122
201221060123
201221060124
201221060125
201221060126
201221060127
201221060128
201221060129
201221060130
201221060201
201221060202
201221060203
201221060204
201221060205
201221060206
201221060207
201221060208
201221060209
201221060210
201221060211
201221060212
201221060213
201221060214
201221060215
201221060216
201221060217
201221060218
201221060219
201221060220
201221060221
201221060222
201221060223
201221060224
201221060225
201221060226
201221060227
201221060228
201221060229
201221060230
201222050101
201222050102
201222050103
201222050104
201222050105
201222050106
201222050107
201222050108
201222050109
201222050110
201222050111
201222050112
201222050113
201222050114
201222050115
201222050116
201222050117
201222050118
201222050119
201222050120
201222050121
201222050122
201222050123
201222050124
201222050125
201222050126
201222050127
201222050128
201222050129
201222050130
201222050131
201222050132
201222050133
201222050134
201222050135
201222050201
201222050202
201222050203
201222050204
201222050205
201222050206
201222050207
201222050208
201222050209
201222050210
201222050211
201222050212
201222050213
201222050214
201222050215
201222050216
201222050217
201222050218
201222050219
201222050220
201222050221
201222050222
201222050223
201222050224
201222050225
201222050226
201222050227
201222050228
201222050229
201222050230
201222050231
201222050232
201222050233
201222050234
201222050235
201222070101
201222070102
201222070103
201222070104
201222070105
201222070106
201222070107
201222070108
201222070109
201222070110
201222070111
201222070112
201222070113
201222070114
201222070115
201222070116
201222070117
201222070118
201222070119
201222070120
201222070121
201222070122
201222070123
201222070124
201222070125
201222070126
201222070127
201222070128
201222070129
201222070130
201222070131
201222070132
201222070133
201222070201
201222070202
201222070203
201222070204
201222070205
201222070206
201222070207
201222070208
201222070209
201222070210
201222070211
201222070212
201222070213
201222070214
201222070215
201222070216
201222070217
201222070218
201222070219
201222070220
201222070221
201222070222
201222070223
201222070224
201222070225
201222070226
201222070227
201222070228
201222070229
201222070230
201222070231
201222070232
201222060101
201222060102
201222060103
201222060104
201222060105
201222060106
201222060107
201222060108
201222060109
201222060110
201222060111
201222060112
201222060113
201222060114
201222060115
201222060116
201222060117
201222060118
201222060119
201222060120
201222060121
201222060122
201222060123
201222060124
201222060125
201222060126
201222060127
201222060128
201222060129
201222060130
201222060131
201222060132
201222060133
201222060134
201222060135
201222060136
201222060137
201222020101
201222020102
201222020103
201222020104
201222020105
201222020106
201222020107
201222020108
201222020109
201222020110
201222020111
201222020112
201222020113
201222020114
201222020115
201222020116
201222020117
201222020118
201222020119
201222020120
201222020121
201222020122
201222020123
201222020124
201222020125
201222020126
201222020127
201222020128
201222020129
201222020130
201222020131
201222020132
201222020133
201222020134
201222020135
201222020201
201222020202
201222020203
201222020204
201222020205
201222020206
201222020207
201222020208
201222020209
201222020210
201222020211
201222020212
201222020213
201222020214
201222020215
201222020216
201222020217
201222020218
201222020219
201222020220
201222020221
201222020222
201222020223
201222020224
201222020225
201222020226
201222020227
201222020228
201222020229
201222020230
201222020231
201222020232
201222020233
201222020234
201222020301
201222020302
201222020303
201222020304
201222020305
201222020306
201222020307
201222020308
201222020309
201222020310
201222020311
201222020312
201222020313
201222020314
201222020315
201222020316
201222020317
201222020318
201222020319
201222020320
201222020321
201222020322
201222020323
201222020324
201222020325
201222020326
201222020327
201222020328
201222020329
201222020330
201222020331
201222020332
201222020333
201222020334
201222030101
201222030102
201222030103
201222030104
201222030105
201222030106
201222030107
201222030108
201222030109
201222030110
201222030111
201222030112
201222030113
201222030114
201222030115
201222030116
201222030117
201222030118
201222030119
201222030120
201222030121
201222030122
201222030123
201222030124
201222030125
201222030126
201222030127
201222030128
201222030129
201222030201
201222030202
201222030203
201222030204
201222030205
201222030206
201222030207
201222030208
201222030209
201222030210
201222030211
201222030212
201222030213
201222030214
201222030215
201222030216
201222030217
201222030218
201222030219
201222030220
201222030221
201222030222
201222030223
201222030224
201222030225
201222030226
201222030227
201222030228
201222030229
201222040101
201222040102
201222040103
201222040104
201222040105
201222040106
201222040107
201222040108
201222040109
201222040110
201222040111
201222040112
201222040113
201222040114
201222040115
201222040116
201222040117
201222040118
201222040119
201222040120
201222040121
201222040122
201222040123
201222040124
201222040125
201222040126
201222040127
201222040128
201222040129
201222040130
201222040131
201222010501
201222010502
201222010503
201222010504
201222010505
201222010506
201222010507
201222010508
201222010509
201222010510
201222010511
201222010512
201222010513
201222010514
201222010515
201222010516
201222010517
201222010518
201222010519
201222010520
201222010521
201222010522
201222010523
201222010524
201222010525
201222010526
201222010527
201222010528
201222010529
201222010530
201222010101
201222010102
201222010103
201222010104
201222010105
201222010106
201222010107
201222010108
201222010109
201222010110
201222010111
201222010112
201222010113
201222010114
201222010115
201222010116
201222010117
201222010118
201222010119
201222010120
201222010121
201222010122
201222010123
201222010124
201222010125
201222010126
201222010127
201222010128
201222010129
201222010130
201222010131
201222010132
201222010133
201222010134
201222010135
201222010136
201222010137
201222010138
201222010201
201222010202
201222010203
201222010204
201222010205
201222010206
201222010207
201222010208
201222010209
201222010210
201222010211
201222010212
201222010213
201222010214
201222010215
201222010216
201222010217
201222010218
201222010219
201222010220
201222010221
201222010222
201222010223
201222010224
201222010225
201222010226
201222010227
201222010228
201222010229
201222010230
201222010231
201222010232
201222010233
201222010234
201222010235
201222010236
201222010237
201222010238
201222010301
201222010302
201222010303
201222010304
201222010305
201222010306
201222010307
201222010308
201222010309
201222010310
201222010311
201222010312
201222010313
201222010314
201222010315
201222010316
201222010317
201222010318
201222010319
201222010320
201222010321
201222010322
201222010323
201222010324
201222010325
201222010326
201222010327
201222010328
201222010329
201222010330
201222010331
201222010332
201222010333
201222010334
201222010335
201222010336
201222010337
201222010338
201222010401
201222010402
201222010403
201222010404
201222010405
201222010406
201222010407
201222010408
201222010409
201222010410
201222010411
201222010412
201222010413
201222010414
201222010415
201222010416
201222010417
201222010418
201222010419
201222010420
201222010421
201222010422
201222010423
201222010424
201222010425
201222010426
201222010427
201222010428
201222010429
201222010430
201222010431
201222010432
201222010433
201222010434
201222010435
201222010436
201222010437
201222010438
201223040101
201223040102
201223040103
201223040104
201223040105
201223040106
201223040107
201223040108
201223040109
201223040110
201223040111
201223040112
201223040113
201223040114
201223040115
201223040116
201223040117
201223040118
201223040119
201223040120
201223040121
201223040122
201223040123
201223040124
201223040125
201223040126
201223040127
201223040128
201223040129
201223040130
201223040131
201223050101
201223050102
201223050103
201223050104
201223050105
201223050106
201223050107
201223050108
201223050109
201223050110
201223050111
201223050112
201223050113
201223050114
201223050115
201223050116
201223050117
201223050118
201223050119
201223050120
201223050121
201223050122
201223050123
201223050124
201223050125
201223050126
201223050127
201223050128
201223050129
201223050130
201223070101
201223070102
201223070103
201223070104
201223070105
201223070106
201223070107
201223070108
201223070109
201223070110
201223070111
201223070112
201223070113
201223070114
201223070115
201223070116
201223070117
201223070118
201223070119
201223070120
201223070121
201223070122
201223070123
201223070124
201223070125
201223070126
201223070127
201223070128
201223070129
201223070130
201223070131
201223070132
201223070133
201223070134
201223070135
201223070136
201223070201
201223070202
201223070203
201223070204
201223070205
201223070206
201223070207
201223070208
201223070209
201223070210
201223070211
201223070212
201223070213
201223070214
201223070215
201223070216
201223070217
201223070218
201223070219
201223070220
201223070221
201223070222
201223070223
201223070224
201223070225
201223070226
201223070227
201223070228
201223070229
201223070230
201223070231
201223070232
201223070233
201223070234
201223070235
201223070236
201223080101
201223080102
201223080103
201223080104
201223080105
201223080106
201223080107
201223080108
201223080109
201223080110
201223080111
201223080112
201223080113
201223080114
201223080115
201223080116
201223080117
201223080118
201223080119
201223080120
201223080121
201223080122
201223080123
201223080124
201223080125
201223080126
201223080127
201223080128
201223080129
201223080130
201223080131
201223090101
201223090102
201223090103
201223090104
201223090105
201223090106
201223090107
201223090108
201223090109
201223090110
201223090111
201223090112
201223090113
201223090114
201223090115
201223090116
201223090117
201223090118
201223090119
201223090120
201223090121
201223090122
201223090123
201223090124
201223090125
201223090126
201223090127
201223090128
201223090129
201223090130
201223090131
201223090132
201223090133
201223090134
201223090135
201223010301
201223010302
201223010303
201223010304
201223010305
201223010306
201223010307
201223010308
201223010309
201223010310
201223010311
201223010312
201223010313
201223010314
201223010315
201223010316
201223010317
201223010318
201223010319
201223010320
201223010321
201223010322
201223010323
201223010324
201223010325
201223010326
201223010327
201223010328
201223010329
201223010330
201223010101
201223010102
201223010103
201223010104
201223010105
201223010106
201223010107
201223010108
201223010109
201223010110
201223010111
201223010112
201223010113
201223010114
201223010115
201223010116
201223010117
201223010118
201223010119
201223010120
201223010121
201223010122
201223010123
201223010124
201223010125
201223010126
201223010127
201223010128
201223010129
201223010130
201223010131
201223010132
201223010133
201223010134
201223010135
201223010136
201223010137
201223010138
201223010201
201223010202
201223010203
201223010204
201223010205
201223010206
201223010207
201223010208
201223010209
201223010210
201223010211
201223010212
201223010213
201223010214
201223010215
201223010216
201223010217
201223010218
201223010219
201223010220
201223010221
201223010222
201223010223
201223010224
201223010225
201223010226
201223010227
201223010228
201223010229
201223010230
201223010231
201223010232
201223010233
201223010234
201223010235
201223010236
201223010237
201223030101
201223030102
201223030103
201223030104
201223030105
201223030106
201223030107
201223030108
201223030109
201223030110
201223030111
201223030112
201223030113
201223030114
201223030115
201223030116
201223030117
201223030118
201223030119
201223030120
201223030121
201223030122
201223030123
201223030124
201223030125
201223030126
201223030127
201223030128
201223030129
201223030130
201223030131
201223030132
201223030133
201223030134
201223030201
201223030202
201223030203
201223030204
201223030205
201223030206
201223030207
201223030208
201223030209
201223030210
201223030211
201223030212
201223030213
201223030214
201223030215
201223030216
201223030217
201223030218
201223030219
201223030220
201223030221
201223030222
201223030223
201223030224
201223030225
201223030226
201223030227
201223030228
201223030229
201223030230
201223030231
201223030232
201223030233
201223030301
201223030302
201223030303
201223030304
201223030305
201223030306
201223030307
201223030308
201223030309
201223030310
201223030311
201223030312
201223030313
201223030314
201223030315
201223030316
201223030317
201223030318
201223030319
201223030320
201223030321
201223030322
201223030323
201223030324
201223030325
201223030326
201223030327
201223030328
201223030329
201223030330
201223030331
201223030332
201223030333
201223030334
201223030335
201223030336
201223030337
201223030338
201223030339
201223030340
201223030401
201223030402
201223030403
201223030404
201223030405
201223030406
201223030407
201223030408
201223030409
201223030410
201223030411
201223030412
201223030413
201223030414
201223030415
201223030416
201223030417
201223030418
201223030419
201223030420
201223030421
201223030422
201223030423
201223030424
201223030425
201223030426
201223030427
201223030428
201223030429
201223030430
201223030431
201223030432
201223030433
201223030434
201223030435
201223030436
201223030437
201223030438
201223030439
201223020101
201223020102
201223020103
201223020104
201223020105
201223020106
201223020107
201223020108
201223020109
201223020110
201223020111
201223020112
201223020113
201223020114
201223020115
201223020116
201223020117
201223020118
201223020119
201223020120
201223020121
201223020122
201223020123
201223020124
201223020125
201223020126
201223020127
201223020128
201223020129
201223020130
201223020131
201223020132
201223020133
201224040101
201224040102
201224040103
201224040104
201224040105
201224040106
201224040107
201224040108
201224040109
201224040110
201224040111
201224040112
201224040113
201224040114
201224040115
201224040116
201224040117
201224040118
201224040119
201224040120
201224040121
201224040122
201224040123
201224040124
201224040125
201224040126
201224040127
201224040128
201224040129
201224040130
201224040131
201224040132
201224040133
201224040134
201224040135
201224040136
201224040201
201224040202
201224040203
201224040204
201224040205
201224040206
201224040207
201224040208
201224040209
201224040210
201224040211
201224040212
201224040213
201224040214
201224040215
201224040216
201224040217
201224040218
201224040219
201224040220
201224040221
201224040222
201224040223
201224040224
201224040225
201224040226
201224040227
201224040228
201224040229
201224040230
201224040231
201224040232
201224040233
201224040234
201224040235
201224080101
201224080102
201224080103
201224080104
201224080105
201224080106
201224080107
201224080108
201224080109
201224080110
201224080111
201224080112
201224080113
201224080114
201224080115
201224080116
201224080117
201224080118
201224080119
201224080120
201224080121
201224080122
201224080123
201224080124
201224080125
201224080126
201224080127
201224080201
201224080202
201224080203
201224080204
201224080205
201224080206
201224080207
201224080208
201224080209
201224080210
201224080211
201224080212
201224080213
201224080214
201224080215
201224080216
201224080217
201224080218
201224080219
201224080220
201224080221
201224080222
201224080223
201224080224
201224080225
201224080226
201224080227
201224080228
201224090101
201224090102
201224090103
201224090104
201224090105
201224090106
201224090107
201224090108
201224090109
201224090110
201224090111
201224090112
201224090113
201224090114
201224090115
201224090116
201224090117
201224090118
201224090119
201224090120
201224090121
201224090122
201224090123
201224090124
201224090125
201224090126
201224090127
201224090128
201224090129
201224090130
201224090131
201224090132
201224060101
201224060102
201224060103
201224060104
201224060105
201224060106
201224060107
201224060108
201224060109
201224060110
201224060111
201224060112
201224060113
201224060114
201224060115
201224060116
201224060117
201224060118
201224060119
201224060120
201224060121
201224060122
201224060123
201224060124
201224060125
201224060126
201224060127
201224060128
201224060129
201224060130
201224060131
201224060132
201224060133
201224060134
201224060135
201224060201
201224060202
201224060203
201224060204
201224060205
201224060206
201224060207
201224060208
201224060209
201224060210
201224060211
201224060212
201224060213
201224060214
201224060215
201224060216
201224060217
201224060218
201224060219
201224060220
201224060221
201224060222
201224060223
201224060224
201224060225
201224060226
201224060227
201224060228
201224060229
201224060230
201224060231
201224060232
201224060233
201224060234
201224060235
201224070101
201224070102
201224070103
201224070104
201224070105
201224070106
201224070107
201224070108
201224070109
201224070110
201224070111
201224070112
201224070113
201224070114
201224070115
201224070116
201224070117
201224070118
201224070119
201224070120
201224070121
201224070122
201224070123
201224070124
201224070125
201224070126
201224070127
201224070128
201224070129
201224030101
201224030102
201224030103
201224030104
201224030105
201224030106
201224030107
201224030108
201224030109
201224030110
201224030111
201224030112
201224030113
201224030114
201224030115
201224030116
201224030117
201224030118
201224030119
201224030120
201224030121
201224030122
201224030123
201224030124
201224030125
201224030126
201224030127
201224030128
201224030129
201224030201
201224030202
201224030203
201224030204
201224030205
201224030206
201224030207
201224030208
201224030209
201224030210
201224030211
201224030212
201224030213
201224030214
201224030215
201224030216
201224030217
201224030218
201224030219
201224030220
201224030221
201224030222
201224030223
201224030224
201224030225
201224030226
201224030227
201224030228
201224030229
201224030230
201224020301
201224020302
201224020303
201224020304
201224020305
201224020306
201224020307
201224020308
201224020309
201224020310
201224020311
201224020312
201224020313
201224020314
201224020315
201224020316
201224020317
201224020318
201224020319
201224020320
201224020321
201224020322
201224020323
201224020324
201224020325
201224020326
201224020327
201224020328
201224020329
201224020330
201224020331
201224020332
201224020333
201224020334
201224020401
201224020402
201224020403
201224020404
201224020405
201224020406
201224020407
201224020408
201224020409
201224020410
201224020411
201224020412
201224020413
201224020414
201224020415
201224020416
201224020417
201224020418
201224020419
201224020420
201224020421
201224020422
201224020423
201224020424
201224020425
201224020426
201224020427
201224020428
201224020429
201224020430
201224020431
201224020432
201224020433
201224020434
201224020101
201224020102
201224020103
201224020104
201224020105
201224020106
201224020107
201224020108
201224020109
201224020110
201224020111
201224020112
201224020113
201224020114
201224020115
201224020116
201224020117
201224020118
201224020119
201224020120
201224020121
201224020122
201224020123
201224020124
201224020125
201224020126
201224020201
201224020202
201224020203
201224020204
201224020205
201224020206
201224020207
201224020208
201224020209
201224020210
201224020211
201224020212
201224020213
201224020214
201224020215
201224020216
201224020217
201224020218
201224020219
201224020220
201224020221
201224020222
201224020223
201224020224
201224020225
201224020226
201225060101
201225060102
201225060103
201225060104
201225060105
201225060106
201225060107
201225060108
201225060109
201225060110
201225060111
201225060112
201225060113
201225060114
201225060115
201225060116
201225060117
201225060118
201225060119
201225060120
201225060121
201225060122
201225060123
201225060124
201225060125
201225060126
201225060127
201225060128
201225060129
201225060130
201225060131
201225060132
201225060133
201225060134
201225060201
201225060202
201225060203
201225060204
201225060205
201225060206
201225060207
201225060208
201225060209
201225060210
201225060211
201225060212
201225060213
201225060214
201225060215
201225060216
201225060217
201225060218
201225060219
201225060220
201225060221
201225060222
201225060223
201225060224
201225060225
201225060226
201225060227
201225060228
201225060229
201225060230
201225060231
201225060232
201225060233
201225060234
201225040101
201225040102
201225040103
201225040104
201225040105
201225040106
201225040107
201225040108
201225040109
201225040110
201225040111
201225040112
201225040113
201225040114
201225040115
201225040116
201225040117
201225040118
201225040119
201225040120
201225040121
201225040122
201225040123
201225040124
201225040125
201225040126
201225040127
201225040128
201225040129
201225040130
201225040131
201225040132
201225040133
201225040134
201225040135
201225040136
201225040201
201225040202
201225040203
201225040204
201225040205
201225040206
201225040207
201225040208
201225040209
201225040210
201225040211
201225040212
201225040213
201225040214
201225040215
201225040216
201225040217
201225040218
201225040219
201225040220
201225040221
201225040222
201225040223
201225040224
201225040225
201225040226
201225040227
201225040228
201225040229
201225040230
201225040231
201225040232
201225040233
201225040234
201225040235
201225040236
201225040301
201225040302
201225040303
201225040304
201225040305
201225040306
201225040307
201225040308
201225040309
201225040310
201225040311
201225040312
201225040313
201225040314
201225040315
201225040316
201225040317
201225040318
201225040319
201225040320
201225040321
201225040322
201225040323
201225040324
201225040325
201225040326
201225040327
201225040328
201225040329
201225040330
201225040331
201225040332
201225040333
201225040334
201225040335
201225040401
201225040402
201225040403
201225040404
201225040405
201225040406
201225040407
201225040408
201225040409
201225040410
201225040411
201225040412
201225040413
201225040414
201225040415
201225040416
201225040417
201225040418
201225040419
201225040420
201225040421
201225040422
201225040423
201225040424
201225040425
201225040426
201225040427
201225040428
201225040429
201225040430
201225040431
201225040432
201225040433
201225040434
201225040435
201225040501
201225040502
201225040503
201225040504
201225040505
201225040506
201225040507
201225040508
201225040509
201225040510
201225040511
201225040512
201225040513
201225040514
201225040515
201225040516
201225040517
201225040518
201225040519
201225040520
201225040521
201225040522
201225040523
201225040524
201225040525
201225040526
201225040527
201225040528
201225040529
201225040530
201225040531
201225040532
201225040533
201225040534
201225040535
201225040601
201225040602
201225040603
201225040604
201225040605
201225040606
201225040607
201225040608
201225040609
201225040610
201225040611
201225040612
201225040613
201225040614
201225040615
201225040616
201225040617
201225040618
201225040619
201225040620
201225040621
201225040622
201225040623
201225040624
201225040625
201225040626
201225040627
201225040628
201225040629
201225040630
201225040631
201225040632
201225040633
201225040634
201225040635
201225040701
201225040702
201225040703
201225040704
201225040705
201225040706
201225040707
201225040708
201225040709
201225040710
201225040711
201225040712
201225040713
201225040714
201225040715
201225040716
201225040717
201225040718
201225040719
201225040720
201225040721
201225040722
201225040723
201225040724
201225040725
201225040726
201225040727
201225040728
201225040729
201225040730
201225040731
201225040732
201225040733
201225040734
201225040735
201225050101
201225050102
201225050103
201225050104
201225050105
201225050106
201225050107
201225050108
201225050109
201225050110
201225050111
201225050112
201225050113
201225050114
201225050115
201225050116
201225050117
201225050118
201225050119
201225050120
201225050121
201225050122
201225050123
201225050124
201225050125
201225050126
201225050127
201225050128
201225050129
201225050130
201225050131
201225050132
201225050133
201225050201
201225050202
201225050203
201225050204
201225050205
201225050206
201225050207
201225050208
201225050209
201225050210
201225050211
201225050212
201225050213
201225050214
201225050215
201225050216
201225050217
201225050218
201225050219
201225050220
201225050221
201225050222
201225050223
201225050224
201225050225
201225050226
201225050227
201225050228
201225050229
201225050230
201225050231
201225050232
201225050233
201225050301
201225050302
201225050303
201225050304
201225050305
201225050306
201225050307
201225050308
201225050309
201225050310
201225050311
201225050312
201225050313
201225050314
201225050315
201225050316
201225050317
201225050318
201225050319
201225050320
201225050321
201225050322
201225050323
201225050324
201225050325
201225050326
201225050327
201225050328
201225050329
201225050330
201225050331
201225050332
201225070301
201225070302
201225070303
201225070304
201225070305
201225070306
201225070307
201225070308
201225070309
201225070310
201225070311
201225070312
201225070313
201225070314
201225070315
201225070316
201225070317
201225070318
201225070319
201225070320
201225070321
201225070322
201225070323
201225070324
201225070325
201225070326
201225070327
201225070328
201225070329
201225070330
201225070331
201225070101
201225070102
201225070103
201225070104
201225070105
201225070106
201225070107
201225070108
201225070109
201225070110
201225070111
201225070112
201225070113
201225070114
201225070115
201225070116
201225070117
201225070118
201225070119
201225070120
201225070121
201225070122
201225070123
201225070124
201225070125
201225070126
201225070127
201225070128
201225070129
201225070130
201225070131
201225070132
201225070133
201225070201
201225070202
201225070203
201225070204
201225070205
201225070206
201225070207
201225070208
201225070209
201225070210
201225070211
201225070212
201225070213
201225070214
201225070215
201225070216
201225070217
201225070218
201225070219
201225070220
201225070221
201225070222
201225070223
201225070224
201225070225
201225070226
201225070227
201225070228
201225070229
201225070230
201225070231
201225070232
201225070233
201225010101
201225010102
201225010103
201225010104
201225010105
201225010106
201225010107
201225010108
201225010109
201225010110
201225010111
201225010112
201225010113
201225010114
201225010115
201225010116
201225010117
201225010118
201225010119
201225010120
201225010121
201225010122
201225010123
201225010124
201225010125
201225010126
201225010127
201225010128
201225010129
201226060101
201226060102
201226060103
201226060104
201226060105
201226060106
201226060107
201226060108
201226060109
201226060110
201226060111
201226060112
201226060113
201226060114
201226060115
201226060116
201226060117
201226060118
201226060119
201226060120
201226060121
201226060122
201226060123
201226060124
201226060125
201226060126
201226060127
201226060128
201226060129
201226060130
201226060131
201226060132
201226060133
201226060134
201226060135
201226020101
201226020102
201226020103
201226020104
201226020105
201226020106
201226020107
201226020108
201226020109
201226020110
201226020111
201226020112
201226020113
201226020114
201226020115
201226020116
201226020117
201226020118
201226020119
201226020120
201226020121
201226020122
201226020123
201226020124
201226020125
201226020126
201226020127
201226020128
201226020129
201226020130
201226020131
201226020132
201226020133
201226020134
201226020135
201226020136
201226020201
201226020202
201226020203
201226020204
201226020205
201226020206
201226020207
201226020208
201226020209
201226020210
201226020211
201226020212
201226020213
201226020214
201226020215
201226020216
201226020217
201226020218
201226020219
201226020220
201226020221
201226020222
201226020223
201226020224
201226020225
201226020226
201226020227
201226020228
201226020229
201226020230
201226020231
201226020232
201226020233
201226020234
201226020235
201226040101
201226040102
201226040103
201226040104
201226040105
201226040106
201226040107
201226040108
201226040109
201226040110
201226040111
201226040112
201226040113
201226040114
201226040115
201226040116
201226040117
201226040118
201226040119
201226040120
201226040121
201226040122
201226040123
201226040124
201226040125
201226040126
201226040127
201226040128
201226040129
201226040130
201226040201
201226040202
201226040203
201226040204
201226040205
201226040206
201226040207
201226040208
201226040209
201226040210
201226040211
201226040212
201226040213
201226040214
201226040215
201226040216
201226040217
201226040218
201226040219
201226040220
201226040221
201226040222
201226040223
201226040224
201226040225
201226040226
201226040227
201226040228
201226040229
201226040230
201226040301
201226040302
201226040303
201226040304
201226040305
201226040306
201226040307
201226040308
201226040309
201226040310
201226040311
201226040312
201226040313
201226040314
201226040315
201226040316
201226040317
201226040318
201226040319
201226040320
201226040321
201226040322
201226040323
201226040324
201226040325
201226040326
201226040327
201226040328
201226040329
201226070101
201226070102
201226070103
201226070104
201226070105
201226070106
201226070107
201226070108
201226070109
201226070110
201226070111
201226070112
201226070113
201226070114
201226070115
201226070116
201226070117
201226070118
201226070119
201226070120
201226070121
201226070122
201226070123
201226070124
201226070125
201226070126
201226070127
201226070128
201226070129
201226070130
201226070131
201226070132
201226070133
201226070134
201226070135
201226070201
201226070202
201226070203
201226070204
201226070205
201226070206
201226070207
201226070208
201226070209
201226070210
201226070211
201226070212
201226070213
201226070214
201226070215
201226070216
201226070217
201226070218
201226070219
201226070220
201226070221
201226070222
201226070223
201226070224
201226070225
201226070226
201226070227
201226070228
201226070229
201226070230
201226070231
201226070232
201226070233
201226070234
201226050101
201226050102
201226050103
201226050104
201226050105
201226050106
201226050107
201226050108
201226050109
201226050110
201226050111
201226050112
201226050113
201226050114
201226050115
201226050116
201226050117
201226050118
201226050119
201226050120
201226050121
201226050122
201226050123
201226050124
201226050125
201226050126
201226050127
201226050128
201226050129
201226030101
201226030102
201226030103
201226030104
201226030105
201226030106
201226030107
201226030108
201226030109
201226030110
201226030111
201226030112
201226030113
201226030114
201226030115
201226030116
201226030117
201226030118
201226030119
201226030120
201226030121
201226030122
201226030123
201226030124
201226030125
201226030126
201226030127
201226030128
201226030201
201226030202
201226030203
201226030204
201226030205
201226030206
201226030207
201226030208
201226030209
201226030210
201226030211
201226030212
201226030213
201226030214
201226030215
201226030216
201226030217
201226030218
201226030219
201226030220
201226030221
201226030222
201226030223
201226030224
201226030225
201226030226
201226030227
201226010401
201226010402
201226010403
201226010404
201226010405
201226010406
201226010407
201226010408
201226010409
201226010410
201226010411
201226010412
201226010413
201226010414
201226010415
201226010416
201226010417
201226010418
201226010419
201226010420
201226010421
201226010422
201226010423
201226010424
201226010425
201226010426
201226010427
201226010428
201226010429
201226010430
201226010301
201226010302
201226010303
201226010304
201226010305
201226010306
201226010307
201226010308
201226010309
201226010310
201226010311
201226010312
201226010313
201226010314
201226010315
201226010316
201226010317
201226010318
201226010319
201226010320
201226010321
201226010322
201226010323
201226010324
201226010325
201226010326
201226010327
201226010328
201226010329
201226010330
201226010331
201226010332
201226010333
201226010334
201226010101
201226010102
201226010103
201226010104
201226010105
201226010106
201226010107
201226010108
201226010109
201226010110
201226010111
201226010112
201226010113
201226010114
201226010115
201226010116
201226010117
201226010118
201226010119
201226010120
201226010121
201226010122
201226010123
201226010124
201226010125
201226010126
201226010127
201226010128
201226010129
201226010130
201226010131
201226010132
201226010133
201226010134
201226010135
201226010201
201226010202
201226010203
201226010204
201226010205
201226010206
201226010207
201226010208
201226010209
201226010210
201226010211
201226010212
201226010213
201226010214
201226010215
201226010216
201226010217
201226010218
201226010219
201226010220
201226010221
201226010222
201226010223
201226010224
201226010225
201226010226
201226010227
201226010228
201226010229
201226010230
201226010231
201226010232
201226010233
201226010234
201226010235
201227030101
201227030102
201227030103
201227030104
201227030105
201227030106
201227030107
201227030108
201227030109
201227030110
201227030111
201227030112
201227030113
201227030114
201227030115
201227030116
201227030117
201227030118
201227030119
201227030120
201227030121
201227030122
201227030123
201227030124
201227030125
201227030126
201227030127
201227030128
201227030129
201227030130
201227030131
201227020101
201227020102
201227020103
201227020104
201227020105
201227020106
201227020107
201227020108
201227020109
201227020110
201227020111
201227020112
201227020113
201227020114
201227020115
201227020116
201227020117
201227020118
201227020119
201227020120
201227020121
201227020122
201227020123
201227020124
201227020125
201227020126
201227020127
201227020128
201227020129
201227020130
201227020131
201227020201
201227020202
201227020203
201227020204
201227020205
201227020206
201227020207
201227020208
201227020209
201227020210
201227020211
201227020212
201227020213
201227020214
201227020215
201227020216
201227020217
201227020218
201227020219
201227020220
201227020221
201227020222
201227020223
201227020224
201227020225
201227020226
201227020227
201227020228
201227020229
201227020230
201227020231
201227020301
201227020302
201227020303
201227020304
201227020305
201227020306
201227020307
201227020308
201227020309
201227020310
201227020311
201227020312
201227020313
201227020314
201227020315
201227020316
201227020317
201227020318
201227020319
201227020320
201227020321
201227020322
201227020323
201227020324
201227020325
201227020326
201227020327
201227020328
201227020329
201227020330
201227020501
201227020502
201227020503
201227020504
201227020505
201227020506
201227020507
201227020508
201227020509
201227020510
201227020511
201227020512
201227020513
201227020514
201227020515
201227020516
201227020517
201227020518
201227020519
201227020520
201227020521
201227020522
201227020523
201227020524
201227020525
201227020526
201227020527
201227020528
201227020529
201227020401
201227020402
201227020403
201227020404
201227020405
201227020406
201227020407
201227020408
201227020409
201227020410
201227020411
201227020412
201227020413
201227020414
201227020415
201227020416
201227020417
201227020418
201227020419
201227020420
201227020421
201227020422
201227020423
201227020424
201227020425
201227020426
201227020427
201227020428
201227020429
201227020430
201227020431
201227020432
201227020433
201227020434
201227020435
201227020436
201227060101
201227060102
201227060103
201227060104
201227060105
201227060106
201227060107
201227060108
201227060109
201227060110
201227060111
201227060112
201227060113
201227060114
201227060115
201227060116
201227060117
201227060118
201227060119
201227060120
201227060121
201227060122
201227060123
201227060124
201227060125
201227060126
201227060127
201227060128
201227060129
201227060130
201227060131
201227060201
201227060202
201227060203
201227060204
201227060205
201227060206
201227060207
201227060208
201227060209
201227060210
201227060211
201227060212
201227060213
201227060214
201227060215
201227060216
201227060217
201227060218
201227060219
201227060220
201227060221
201227060222
201227060223
201227060224
201227060225
201227060226
201227060227
201227060228
201227060229
201227060230
201227010101
201227010102
201227010103
201227010104
201227010105
201227010106
201227010107
201227010108
201227010109
201227010110
201227010111
201227010112
201227010113
201227010114
201227010115
201227010116
201227010117
201227010118
201227010119
201227010120
201227010121
201227010122
201227010123
201227010124
201227010125
201227010126
201227010127
201227010128
201227010129
201227010130
201227010131
201227010132
201227010133
201227010201
201227010202
201227010203
201227010204
201227010205
201227010206
201227010207
201227010208
201227010209
201227010210
201227010211
201227010212
201227010213
201227010214
201227010215
201227010216
201227010217
201227010218
201227010219
201227010220
201227010221
201227010222
201227010223
201227010224
201227010225
201227010226
201227010227
201227010228
201227010229
201227010230
201227010231
201227010232
201227010301
201227010302
201227010303
201227010304
201227010305
201227010306
201227010307
201227010308
201227010309
201227010310
201227010311
201227010312
201227010313
201227010314
201227010315
201227010316
201227010317
201227010318
201227010319
201227010320
201227010321
201227010322
201227010323
201227010324
201227010325
201227010326
201227010327
201227010328
201227010329
201227010330
201227010331
201227010332
201227090101
201227090102
201227090103
201227090104
201227090105
201227090106
201227090107
201227090108
201227090109
201227090110
201227090111
201227090112
201227090113
201227090114
201227090115
201227090116
201227090117
201227090118
201227090119
201227090120
201227090121
201227090122
201227090123
201227090124
201227090125
201227090126
201227080101
201227080102
201227080103
201227080104
201227080105
201227080106
201227080107
201227080108
201227080109
201227080110
201227080111
201227080112
201227080113
201227080114
201227080115
201227080116
201227080117
201227080118
201227080119
201227080120
201227080121
201227080122
201227080123
201227080124
201227080125
201227080126
201227080127
201227080128
201227080129
201227080130
201228020101
201228020102
201228020103
201228020104
201228020105
201228020106
201228020107
201228020108
201228020109
201228020110
201228020111
201228020112
201228020113
201228020114
201228020115
201228020116
201228020117
201228020118
201228020119
201228020120
201228020121
201228020122
201228020123
201228020124
201228020125
201228020126
201228020127
201228020128
201228020129
201228020130
201228020131
201228020132
201228020201
201228020202
201228020203
201228020204
201228020205
201228020206
201228020207
201228020208
201228020209
201228020210
201228020211
201228020212
201228020213
201228020214
201228020215
201228020216
201228020217
201228020218
201228020219
201228020220
201228020221
201228020222
201228020223
201228020224
201228020225
201228020226
201228020227
201228020228
201228020229
201228020230
201228020231
201228020301
201228020302
201228020303
201228020304
201228020305
201228020306
201228020307
201228020308
201228020309
201228020310
201228020311
201228020312
201228020313
201228020314
201228020315
201228020316
201228020317
201228020318
201228020319
201228020320
201228020321
201228020322
201228020323
201228020324
201228020325
201228020326
201228020327
201228020328
201228020329
201228020330
201228020331
201228050101
201228050102
201228050103
201228050104
201228050105
201228050106
201228050107
201228050108
201228050109
201228050110
201228050111
201228050112
201228050113
201228050114
201228050115
201228050116
201228050117
201228050118
201228050119
201228050120
201228050121
201228050122
201228050123
201228050124
201228050125
201228050126
201228050127
201228050128
201228050129
201228050130
201228050131
201228050132
201228050133
201228050134
201228050135
201228050136
201228050137
201228050138
201228050139
201228050140
201228050201
201228050202
201228050203
201228050204
201228050205
201228050206
201228050207
201228050208
201228050209
201228050210
201228050211
201228050212
201228050213
201228050214
201228050215
201228050216
201228050217
201228050218
201228050219
201228050220
201228050221
201228050222
201228050223
201228050224
201228050225
201228050226
201228050227
201228050228
201228050229
201228050230
201228050231
201228050232
201228050233
201228050234
201228050235
201228050236
201228050237
201228050238
201228050239
201228050240
201228010101
201228010102
201228010103
201228010104
201228010105
201228010106
201228010107
201228010108
201228010109
201228010110
201228010111
201228010112
201228010113
201228010114
201228010115
201228010116
201228010117
201228010118
201228010119
201228010120
201228010121
201228010122
201228010123
201228010124
201228010125
201228010126
201228010127
201228010128
201228010129
201228010130
201228010131
201228010132
201228010133
201228010134
201228010201
201228010202
201228010203
201228010204
201228010205
201228010206
201228010207
201228010208
201228010209
201228010210
201228010211
201228010212
201228010213
201228010214
201228010215
201228010216
201228010217
201228010218
201228010219
201228010220
201228010221
201228010222
201228010223
201228010224
201228010225
201228010226
201228010227
201228010228
201228010229
201228010230
201228010231
201228010232
201228010233
201228010234
201228010301
201228010302
201228010303
201228010304
201228010305
201228010306
201228010307
201228010308
201228010309
201228010310
201228010311
201228010312
201228010313
201228010314
201228010315
201228010316
201228010317
201228010318
201228010319
201228010320
201228010321
201228010322
201228010323
201228010324
201228010325
201228010326
201228010327
201228010328
201228010329
201228010330
201228010331
201228010332
201228010333
201228010334
201228010401
201228010402
201228010403
201228010404
201228010405
201228010406
201228010407
201228010408
201228010409
201228010410
201228010411
201228010412
201228010413
201228010414
201228010415
201228010416
201228010417
201228010418
201228010419
201228010420
201228010421
201228010422
201228010423
201228010424
201228010425
201228010426
201228010427
201228010428
201228010429
201228010430
201228010431
201228010432
201228010433
201228010434
201228010501
201228010502
201228010503
201228010504
201228010505
201228010506
201228010507
201228010508
201228010509
201228010510
201228010511
201228010512
201228010513
201228010514
201228010515
201228010516
201228010517
201228010518
201228010519
201228010520
201228010521
201228010522
201228010523
201228010524
201228010525
201228010526
201228010527
201228010528
201228010529
201228010530
201228010531
201228010532
201228010533
201228010601
201228010602
201228010603
201228010604
201228010605
201228010606
201228010607
201228010608
201228010609
201228010610
201228010611
201228010612
201228010613
201228010614
201228010615
201228010616
201228010617
201228010618
201228010619
201228010620
201228010621
201228010622
201228010623
201228010624
201228010625
201228010626
201228010627
201228010628
201228010629
201228010630
201228010631
201228010632
201228010633
201228010701
201228010702
201228010703
201228010704
201228010705
201228010706
201228010707
201228010708
201228010709
201228010710
201228010711
201228010712
201228010713
201228010714
201228010715
201228010716
201228010717
201228010718
201228010719
201228010720
201228010721
201228010722
201228010723
201228010724
201228010725
201228010726
201228010727
201228010728
201228010729
201228010730
201228010731
201228010732
201228010733
201228010801
201228010802
201228010803
201228010804
201228010805
201228010806
201228010807
201228010808
201228010809
201228010810
201228010811
201228010812
201228010813
201228010814
201228010815
201228010816
201228010817
201228010818
201228010819
201228010820
201228010821
201228010822
201228010823
201228010824
201228010825
201228010826
201228010827
201228010828
201228010829
201228010830
201228010831
201228010832
201228010833
201228010901
201228010902
201228010903
201228010904
201228010905
201228010906
201228010907
201228010908
201228010909
201228010910
201228010911
201228010912
201228010913
201228010914
201228010915
201228010916
201228010917
201228010918
201228010919
201228010920
201228010921
201228010922
201228010923
201228010924
201228010925
201228010926
201228010927
201228010928
201228010929
201228010930
201228010931
201228010932
201228010933
201228011001
201228011002
201228011003
201228011004
201228011005
201228011006
201228011007
201228011008
201228011009
201228011010
201228011011
201228011012
201228011013
201228011014
201228011015
201228011016
201228011017
201228011018
201228011019
201228011020
201228011021
201228011022
201228011023
201228011024
201228011025
201228011026
201228011027
201228011028
201228011029
201228011030
201228011031
201228011032
201228011033
201228011101
201228011102
201228011103
201228011104
201228011105
201228011106
201228011107
201228011108
201228011109
201228011110
201228011111
201228011112
201228011113
201228011114
201228011115
201228011116
201228011117
201228011118
201228011119
201228011120
201228011121
201228011122
201228011123
201228011124
201228011125
201228011126
201228011127
201228011128
201228011129
201228011130
201228011131
201228011132
201228011133
201228011201
201228011202
201228011203
201228011204
201228011205
201228011206
201228011207
201228011208
201228011209
201228011210
201228011211
201228011212
201228011213
201228011214
201228011215
201228011216
201228011217
201228011218
201228011219
201228011220
201228011221
201228011222
201228011223
201228011224
201228011225
201228011226
201228011227
201228011228
201228011229
201228011230
201228011231
201228011232
201228011233
201229020201
201229020202
201229020203
201229020204
201229020205
201229020206
201229020207
201229020208
201229020209
201229020210
201229020211
201229020212
201229020213
201229020214
201229020215
201229020216
201229020217
201229020218
201229020219
201229020220
201229020221
201229020222
201229020223
201229020224
201229020225
201229020226
201229020227
201229020228
201229020229
201229020230
201229020101
201229020102
201229020103
201229020104
201229020105
201229020106
201229020107
201229020108
201229020109
201229020110
201229020111
201229020112
201229020113
201229020114
201229020115
201229020116
201229020117
201229020118
201229020119
201229020120
201229020121
201229020122
201229020123
201229020124
201229020125
201229020126
201229020127
201229020128
201229020129
201229020130
201229020131
201229020132
201229020133
201229020134
201229020135
201229020136
201229020137
201229020138
201229020139
201229020140
201229020141
201229030101
201229030102
201229030103
201229030104
201229030105
201229030106
201229030107
201229030108
201229030109
201229030110
201229030111
201229030112
201229030113
201229030114
201229030115
201229030116
201229030117
201229030118
201229030119
201229030120
201229030121
201229030122
201229030123
201229030124
201229030125
201229030126
201229030127
201229030128
201229030129
201229030130
201229030131
201229030132
201229030201
201229030202
201229030203
201229030204
201229030205
201229030206
201229030207
201229030208
201229030209
201229030210
201229030211
201229030212
201229030213
201229030214
201229030215
201229030216
201229030217
201229030218
201229030219
201229030220
201229030221
201229030222
201229030223
201229030224
201229030225
201229030226
201229030227
201229030228
201229030229
201229030230
201229030231
201229030232
201229070101
201229070102
201229070103
201229070104
201229070105
201229070106
201229070107
201229070108
201229070109
201229070110
201229070111
201229070112
201229070113
201229070114
201229070115
201229070116
201229070117
201229070118
201229070119
201229070120
201229070121
201229070122
201229070123
201229070124
201229070125
201229070126
201229070127
201229070128
201229070129
201229070130
201229070131
201229070132
201229010101
201229010102
201229010103
201229010104
201229010105
201229010106
201229010107
201229010108
201229010109
201229010110
201229010111
201229010112
201229010113
201229010114
201229010115
201229010116
201229010117
201229010118
201229010119
201229010120
201229010121
201229010122
201229010123
201229010124
201229010125
201229010126
201229010127
201229010128
201229010129
201229080101
201229080102
201229080103
201229080104
201229080105
201229080106
201229080107
201229080108
201229080109
201229080110
201229080111
201229080112
201229080113
201229080114
201229080115
201229080116
201229080117
201229080118
201229080119
201229080120
201229080121
201229080122
201229080123
201229080124
201229080125
201229080126
201229080127
201229080128
201229080129
201229080130
201229080131
201229080132
201229080133
201229080134
201229080135
201229080136
201229080201
201229080202
201229080203
201229080204
201229080205
201229080206
201229080207
201229080208
201229080209
201229080210
201229080211
201229080212
201229080213
201229080214
201229080215
201229080216
201229080217
201229080218
201229080219
201229080220
201229080221
201229080222
201229080223
201229080224
201229080225
201229080226
201229080227
201229080228
201229080229
201229080230
201229080231
201229080232
201229080233
201229080234
201229080235
201229040101
201229040102
201229040103
201229040104
201229040105
201229040106
201229040107
201229040108
201229040109
201229040110
201229040111
201229040112
201229040113
201229040114
201229040115
201229040116
201229040117
201229040118
201229040119
201229040120
201229040121
201229040122
201229040123
201229040124
201229040125
201229040126
201229040127
201229040128
201229040129
201229040201
201229040202
201229040203
201229040204
201229040205
201229040206
201229040207
201229040208
201229040209
201229040210
201229040211
201229040212
201229040213
201229040214
201229040215
201229040216
201229040217
201229040218
201229040219
201229040220
201229040221
201229040222
201229040223
201229040224
201229040225
201229040226
201229040227
201229040228
201229040229
201229090101
201229090102
201229090103
201229090104
201229090105
201229090106
201229090107
201229090108
201229090109
201229090110
201229090111
201229090112
201229090113
201229090114
201229090115
201229090116
201229090117
201229090118
201229090119
201229090120
201229090121
201229090122
201229090123
201229090124
201229090125
201229090126
201229090127
201229090128
201229090129
201229090130
201229090131
201229060101
201229060102
201229060103
201229060104
201229060105
201229060106
201229060107
201229060108
201229060109
201229060110
201229060111
201229060112
201229060113
201229060114
201229060115
201229060116
201229060117
201229060118
201229060119
201229060120
201229060121
201229060122
201229060123
201229060124
201229060125
201229060126
201229060127
201229060128
201229060129
201229060130
201229060131
201229060132
201229060133
201229060134
201229060135
201229060136
201229060137
201229060138
201231060101
201231060102
201231060103
201231060104
201231060105
201231060106
201231060107
201231060108
201231060109
201231060110
201231060111
201231060112
201231060113
201231060114
201231060115
201231060116
201231060117
201231060118
201231060119
201231060120
201231060121
201231060122
201231060123
201231060124
201231060125
201231060126
201231060127
201231060128
201231060129
201231060130
201231060131
201231060132
201231060133
201231060134
201231020401
201231020402
201231020403
201231020404
201231020405
201231020406
201231020407
201231020408
201231020409
201231020410
201231020411
201231020412
201231020413
201231020414
201231020415
201231020416
201231020417
201231020418
201231020419
201231020420
201231020421
201231020422
201231020423
201231020424
201231020425
201231020426
201231020427
201231020428
201231020429
201231020430
201231020101
201231020102
201231020103
201231020104
201231020105
201231020106
201231020107
201231020108
201231020109
201231020110
201231020111
201231020112
201231020113
201231020114
201231020115
201231020116
201231020117
201231020118
201231020119
201231020120
201231020121
201231020122
201231020123
201231020124
201231020125
201231020126
201231020127
201231020128
201231020129
201231020130
201231020131
201231020132
201231020133
201231020134
201231020201
201231020202
201231020203
201231020204
201231020205
201231020206
201231020207
201231020208
201231020209
201231020210
201231020211
201231020212
201231020213
201231020214
201231020215
201231020216
201231020217
201231020218
201231020219
201231020220
201231020221
201231020222
201231020223
201231020224
201231020225
201231020226
201231020227
201231020228
201231020229
201231020230
201231020231
201231020232
201231020233
201231020301
201231020302
201231020303
201231020304
201231020305
201231020306
201231020307
201231020308
201231020309
201231020310
201231020311
201231020312
201231020313
201231020314
201231020315
201231020316
201231020317
201231020318
201231020319
201231020320
201231020321
201231020322
201231020323
201231020324
201231020325
201231020326
201231020327
201231020328
201231020329
201231020330
201231020331
201231020332
201231020333
201231050301
201231050302
201231050303
201231050304
201231050305
201231050306
201231050307
201231050308
201231050309
201231050310
201231050311
201231050312
201231050313
201231050314
201231050315
201231050316
201231050317
201231050318
201231050319
201231050320
201231050321
201231050322
201231050323
201231050324
201231050325
201231050326
201231050327
201231050328
201231050329
201231050330
201231050331
201231050332
201231050333
201231050334
201231050335
201231050336
201231050337
201231050338
201231050401
201231050402
201231050403
201231050404
201231050405
201231050406
201231050407
201231050408
201231050409
201231050410
201231050411
201231050412
201231050413
201231050414
201231050415
201231050416
201231050417
201231050418
201231050419
201231050420
201231050421
201231050422
201231050423
201231050424
201231050425
201231050426
201231050427
201231050428
201231050429
201231050430
201231050431
201231050432
201231050433
201231050434
201231050435
201231050436
201231050437
201231050438
201231050501
201231050502
201231050503
201231050504
201231050505
201231050506
201231050507
201231050508
201231050509
201231050510
201231050511
201231050512
201231050513
201231050514
201231050515
201231050516
201231050517
201231050518
201231050519
201231050520
201231050521
201231050522
201231050523
201231050524
201231050525
201231050526
201231050527
201231050528
201231050529
201231050530
201231050531
201231050532
201231050533
201231050534
201231050101
201231050102
201231050103
201231050104
201231050105
201231050106
201231050107
201231050108
201231050109
201231050110
201231050111
201231050112
201231050113
201231050114
201231050115
201231050116
201231050117
201231050118
201231050119
201231050120
201231050121
201231050122
201231050123
201231050124
201231050125
201231050126
201231050127
201231050128
201231050129
201231050130
201231050131
201231050132
201231050133
201231050134
201231050201
201231050202
201231050203
201231050204
201231050205
201231050206
201231050207
201231050208
201231050209
201231050210
201231050211
201231050212
201231050213
201231050214
201231050215
201231050216
201231050217
201231050218
201231050219
201231050220
201231050221
201231050222
201231050223
201231050224
201231050225
201231050226
201231050227
201231050228
201231050229
201231050230
201231050231
201231050232
201231050233
201232060101
201232060102
201232060103
201232060104
201232060105
201232060106
201232060107
201232060108
201232060109
201232060110
201232060111
201232060112
201232060113
201232060114
201232060115
201232060116
201232060117
201232060118
201232060119
201232060120
201232060121
201232060122
201232060123
201232060124
201232060125
201232060126
201232060127
201232060128
201232060129
201232060130
201232060131
201232060132
201232060133
201232060201
201232060202
201232060203
201232060204
201232060205
201232060206
201232060207
201232060208
201232060209
201232060210
201232060211
201232060212
201232060213
201232060214
201232060215
201232060216
201232060217
201232060218
201232060219
201232060220
201232060221
201232060222
201232060223
201232060224
201232060225
201232060226
201232060227
201232060228
201232060229
201232060230
201232060231
201232060232
201232060233
201232010601
201232010602
201232010603
201232010604
201232010605
201232010606
201232010607
201232010608
201232010609
201232010610
201232010611
201232010612
201232010613
201232010614
201232010615
201232010616
201232010617
201232010618
201232010619
201232010620
201232010621
201232010622
201232010623
201232010624
201232010625
201232010626
201232010627
201232010628
201232010629
201232010630
201232010101
201232010102
201232010103
201232010104
201232010105
201232010106
201232010107
201232010108
201232010109
201232010110
201232010111
201232010112
201232010113
201232010114
201232010115
201232010116
201232010117
201232010118
201232010119
201232010120
201232010121
201232010122
201232010123
201232010124
201232010125
201232010126
201232010127
201232010128
201232010129
201232010130
201232010131
201232010132
201232010133
201232010134
201232010135
201232010136
201232010201
201232010202
201232010203
201232010204
201232010205
201232010206
201232010207
201232010208
201232010209
201232010210
201232010211
201232010212
201232010213
201232010214
201232010215
201232010216
201232010217
201232010218
201232010219
201232010220
201232010221
201232010222
201232010223
201232010224
201232010225
201232010226
201232010227
201232010228
201232010229
201232010230
201232010231
201232010232
201232010233
201232010234
201232010235
201232010501
201232010502
201232010503
201232010504
201232010505
201232010506
201232010507
201232010508
201232010509
201232010510
201232010511
201232010512
201232010513
201232010514
201232010515
201232010516
201232010517
201232010518
201232010519
201232010520
201232010521
201232010522
201232010523
201232010524
201232010525
201232010526
201232010527
201232010528
201232010529
201232010530
201232010531
201232010532
201232010533
201232010301
201232010302
201232010303
201232010304
201232010305
201232010306
201232010307
201232010308
201232010309
201232010310
201232010311
201232010312
201232010313
201232010314
201232010315
201232010316
201232010317
201232010318
201232010319
201232010320
201232010321
201232010322
201232010323
201232010324
201232010325
201232010326
201232010327
201232010328
201232010329
201232010330
201232010331
201232010332
201232010333
201232010334
201232010335
201232010336
201232010337
201232010338
201232010401
201232010402
201232010403
201232010404
201232010405
201232010406
201232010407
201232010408
201232010409
201232010410
201232010411
201232010412
201232010413
201232010414
201232010415
201232010416
201232010417
201232010418
201232010419
201232010420
201232010421
201232010422
201232010423
201232010424
201232010425
201232010426
201232010427
201232010428
201232010429
201232010430
201232010431
201232010432
201232010433
201232010434
201232010435
201232010436
201232010437
201232040101
201232040102
201232040103
201232040104
201232040105
201232040106
201232040107
201232040108
201232040109
201232040110
201232040111
201232040112
201232040113
201232040114
201232040115
201232040116
201232040117
201232040118
201232040119
201232040120
201232040121
201232040122
201232040123
201232040124
201232040125
201232040126
201232040127
201232040128
201232040129
201232040130
201232040131
201232040132
201232040133
201232040134
201232040135
201232040136
201232040137
201232040138
201232040201
201232040202
201232040203
201232040204
201232040205
201232040206
201232040207
201232040208
201232040209
201232040210
201232040211
201232040212
201232040213
201232040214
201232040215
201232040216
201232040217
201232040218
201232040219
201232040220
201232040221
201232040222
201232040223
201232040224
201232040225
201232040226
201232040227
201232040228
201232040229
201232040230
201232040231
201232040232
201232040233
201232040234
201232040235
201232040236
201232040237
201232040238
201232050101
201232050102
201232050103
201232050104
201232050105
201232050106
201232050107
201232050108
201232050109
201232050110
201232050111
201232050112
201232050113
201232050114
201232050115
201232050116
201232050117
201232050118
201232050119
201232050120
201232050121
201232050122
201232050123
201232050124
201232050125
201232050126
201232050127
201232050128
201232050129
201232050130
201232050131
201232050132
201232050201
201232050202
201232050203
201232050204
201232050205
201232050206
201232050207
201232050208
201232050209
201232050210
201232050211
201232050212
201232050213
201232050214
201232050215
201232050216
201232050217
201232050218
201232050219
201232050220
201232050221
201232050222
201232050223
201232050224
201232050225
201232050226
201232050227
201232050228
201232050229
201232050230
201232050231
201233050101
201233050102
201233050103
201233050104
201233050105
201233050106
201233050107
201233050108
201233050109
201233050110
201233050111
201233050112
201233050113
201233050114
201233050115
201233050116
201233050117
201233050118
201233050119
201233050120
201233050121
201233050122
201233050123
201233050124
201233050125
201233050126
201233050127
201233050128
201233050129
201233050130
201233050131
201233050132
201233050133
201233050134
201233050135
201233050136
201233050137
201233050138
201233050139
201233050140
201233050141
201233080101
201233080102
201233080103
201233080104
201233080105
201233080106
201233080107
201233080108
201233080109
201233080110
201233080111
201233080112
201233080113
201233080114
201233080115
201233080116
201233080117
201233080118
201233080119
201233080120
201233080121
201233080122
201233080123
201233080124
201233080125
201233080126
201233080127
201233080128
201233080129
201233060101
201233060102
201233060103
201233060104
201233060105
201233060106
201233060107
201233060108
201233060109
201233060110
201233060111
201233060112
201233060113
201233060114
201233060115
201233060116
201233060117
201233060118
201233060119
201233060120
201233060121
201233060122
201233060123
201233060124
201233060125
201233060126
201233060127
201233060128
201233060129
201233060130
201233060131
201233060132
201233060133
201233060134
201233060135
201233060136
201233060137
201233060138
201233070101
201233070102
201233070103
201233070104
201233070105
201233070106
201233070107
201233070108
201233070109
201233070110
201233070111
201233070112
201233070113
201233070114
201233070115
201233070116
201233070117
201233070118
201233070119
201233070120
201233070121
201233070122
201233070123
201233070124
201233070125
201233070126
201233070127
201233070128
201233040101
201233040102
201233040103
201233040104
201233040105
201233040106
201233040107
201233040108
201233040109
201233040110
201233040111
201233040112
201233040113
201233040114
201233040115
201233040116
201233040117
201233040118
201233040119
201233040120
201233040121
201233040122
201233040123
201233040124
201233040125
201233040126
201233040127
201233040128
201241020101
201241020102
201241020103
201241020104
201241020105
201241020106
201241020107
201241020108
201241020109
201241020110
201241020111
201241020112
201241020113
201241020114
201241020115
201241020116
201241020117
201241020118
201241020119
201241020120
201241020121
201241020122
201241020123
201241020124
201241020125
201241020126
201241020127
201241020128
201241020129
201241020201
201241020202
201241020203
201241020204
201241020205
201241020206
201241020207
201241020208
201241020209
201241020210
201241020211
201241020212
201241020213
201241020214
201241020215
201241020216
201241020217
201241020218
201241020219
201241020220
201241020221
201241020222
201241020223
201241020224
201241020225
201241020226
201241020227
201241020228
201241010101
201241010102
201241010103
201241010104
201241010105
201241010106
201241010107
201241010108
201241010109
201241010110
201241010111
201241010112
201241010113
201241010114
201241010115
201241010116
201241010117
201241010118
201241010119
201241010120
201241010121
201241010122
201241010123
201241010124
201241010125
201241010126
201241010127
201241010128
201241010129
201241010130
201241010131
201241010132
201241010201
201241010202
201241010203
201241010204
201241010205
201241010206
201241010207
201241010208
201241010209
201241010210
201241010211
201241010212
201241010213
201241010214
201241010215
201241010216
201241010217
201241010218
201241010219
201241010220
201241010221
201241010222
201241010223
201241010224
201241010225
201241010226
201241010227
201241010228
201241010229
201241010230
201241010231
201241010232
201241010301
201241010302
201241010303
201241010304
201241010305
201241010306
201241010307
201241010308
201241010309
201241010310
201241010311
201241010312
201241010313
201241010314
201241010315
201241010316
201241010317
201241010318
201241010319
201241010320
201241010321
201241010322
201241010323
201241010324
201241010325
201241010326
201241010327
201241010328
201241010329
201241010330
201241010331
201241010332
201241010401
201241010402
201241010403
201241010404
201241010405
201241010406
201241010407
201241010408
201241010409
201241010410
201241010411
201241010412
201241010413
201241010414
201241010415
201241010416
201241010417
201241010418
201241010419
201241010420
201241010421
201241010422
201241010423
201241010424
201241010425
201241010426
201241010427
201241010428
201241010429
201241010430
201241010431
201241030101
201241030102
201241030103
201241030104
201241030105
201241030106
201241030107
201241030108
201241030109
201241030110
201241030111
201241030112
201241030113
201241030114
201241030115
201241030116
201241030117
201241030118
201241030119
201241030120
201241030121
201241030122
201241030123
201241030124
201241030125
201241030126
201241030127
201241030128
201241030129
201241030130
201241030201
201241030202
201241030203
201241030204
201241030205
201241030206
201241030207
201241030208
201241030209
201241030210
201241030211
201241030212
201241030213
201241030214
201241030215
201241030216
201241030217
201241030218
201241030219
201241030220
201241030221
201241030222
201241030223
201241030224
201241030225
201241030226
201241030227
201241030228
201241030229
201241030230
