201311010101
201311010102
201311010103
201311010104
201311010105
201311010106
201311010107
201311010108
201311010109
201311010110
201311010111
201311010112
201311010113
201311010114
201311010115
201311010116
201311010117
201311010118
201311010119
201311010120
201311010121
201311010122
201311010123
201311010124
201311010125
201311010126
201311010127
201311010128
201311010129
201311010130
201311010131
201311010132
201311010133
201311010134
201311010135
201311010136
201311020101
201311020102
201311020103
201311020104
201311020105
201311020106
201311020107
201311020108
201311020109
201311020110
201311020111
201311020112
201311020113
201311020114
201311020115
201311020116
201311020117
201311020118
201311020119
201311020120
201311020121
201311020122
201311020123
201311020124
201311020125
201311020126
201311020127
201311020128
201311020129
201311020130
201311020131
201311020132
201311020133
201311020134
201311030101
201311030102
201311030103
201311030104
201311030105
201311030106
201311030107
201311030108
201311030109
201311030110
201311030111
201311030112
201311030113
201311030114
201311030115
201311030116
201311030117
201311030118
201311030119
201311030120
201311030121
201311030122
201311030123
201311030124
201311030125
201311030126
201311030127
201311030128
201311030129
201311030130
201311030131
201311030132
201311030133
201311030134
201311030135
201311030136
201311030137
201311080101
201311080102
201311080103
201311080104
201311080105
201311080106
201311080107
201311080108
201311080109
201311080110
201311080111
201311080112
201311080113
201311080114
201311080115
201311080116
201311080117
201311080118
201311080119
201311080120
201311080121
201311080122
201311080123
201311080124
201311080125
201311080126
201311080127
201311080128
201311080129
201311080130
201311080131
201311080132
201311080133
201311080134
201311080135
201311080136
201312010101
201312010102
201312010103
201312010104
201312010105
201312010106
201312010107
201312010108
201312010109
201312010110
201312010111
201312010112
201312010113
201312010114
201312010115
201312010116
201312010117
201312010118
201312010119
201312010120
201312010121
201312010122
201312010123
201312010124
201312010125
201312010126
201312010127
201312010128
201312010129
201312010130
201312010131
201312020101
201312020102
201312020103
201312020104
201312020105
201312020106
201312020107
201312020108
201312020109
201312020110
201312020111
201312020112
201312020113
201312020114
201312020115
201312020116
201312020117
201312020118
201312020119
201312020120
201312020121
201312020122
201312020123
201312020124
201312020125
201312020126
201312020127
201312020128
201312020129
201312020130
201312020131
201312020132
201312030101
201312030102
201312030103
201312030104
201312030105
201312030106
201312030107
201312030108
201312030109
201312030110
201312030111
201312030112
201312030113
201312030114
201312030115
201312030116
201312030117
201312030118
201312030119
201312030120
201312030121
201312030122
201312030123
201312030124
201312030125
201312030126
201312030127
201312030128
201312030129
201312030130
201312030131
201312030132
201312030133
201312030134
201312030135
201312030201
201312030202
201312030203
201312030204
201312030205
201312030206
201312030207
201312030208
201312030209
201312030210
201312030211
201312030212
201312030213
201312030214
201312030215
201312030216
201312030217
201312030218
201312030219
201312030220
201312030221
201312030222
201312030223
201312030224
201312030225
201312030226
201312030227
201312030228
201312030229
201312030230
201312030231
201312030232
201312030233
201312030234
201313010101
201313010102
201313010103
201313010104
201313010105
201313010106
201313010107
201313010108
201313010109
201313010110
201313010111
201313010112
201313010113
201313010114
201313010115
201313010116
201313010117
201313010118
201313010119
201313010120
201313010121
201313010122
201313010201
201313010202
201313010203
201313010204
201313010205
201313010206
201313010207
201313010208
201313010209
201313010210
201313010211
201313010212
201313010213
201313010214
201313010215
201313010216
201313010217
201313010218
201313010219
201313010220
201313010221
201313020101
201313020102
201313020103
201313020104
201313020105
201313020106
201313020107
201313020108
201313020109
201313020110
201313020111
201313020112
201313020113
201313020114
201313020115
201313020116
201313020117
201313020118
201313020119
201313020120
201313020121
201313020122
201313020123
201314010101
201314010102
201314010103
201314010104
201314010105
201314010106
201314010107
201314010108
201314010109
201314010110
201314010111
201314010112
201314010113
201314010114
201314010115
201314010116
201314010117
201314010118
201314010119
201314010120
201314010121
201314010122
201321010101
201321010102
201321010103
201321010104
201321010105
201321010106
201321010107
201321010108
201321010109
201321010110
201321010111
201321010112
201321010113
201321010114
201321010115
201321010116
201321010117
201321010118
201321010119
201321010120
201321010121
201321010122
201321010123
201321010124
201321010125
201321010126
201321010127
201321010128
201321010129
201321010130
201321010201
201321010202
201321010203
201321010204
201321010205
201321010206
201321010207
201321010208
201321010209
201321010210
201321010211
201321010212
201321010213
201321010214
201321010215
201321010216
201321010217
201321010218
201321010219
201321010220
201321010221
201321010222
201321010223
201321010224
201321010225
201321010226
201321010227
201321010228
201321010229
201321010230
201321010231
201321010301
201321010302
201321010303
201321010304
201321010305
201321010306
201321010307
201321010308
201321010309
201321010310
201321010311
201321010312
201321010313
201321010314
201321010315
201321010316
201321010317
201321010318
201321010319
201321010320
201321010321
201321010322
201321010323
201321010324
201321010325
201321010326
201321010327
201321010328
201321010329
201321010330
201321010331
201321010401
201321010402
201321010403
201321010404
201321010405
201321010406
201321010407
201321010408
201321010409
201321010410
201321010411
201321010412
201321010413
201321010414
201321010415
201321010416
201321010417
201321010418
201321010419
201321010420
201321010421
201321010422
201321010423
201321010424
201321010425
201321010426
201321010427
201321010428
201321010429
201321010430
201321020101
201321020102
201321020103
201321020104
201321020105
201321020106
201321020107
201321020108
201321020109
201321020110
201321020111
201321020112
201321020113
201321020114
201321020115
201321020116
201321020117
201321020118
201321020119
201321020120
201321020121
201321020122
201321020123
201321020124
201321020125
201321020126
201321020127
201321020128
201321020129
201321020130
201321020131
201321020201
201321020202
201321020203
201321020204
201321020205
201321020206
201321020207
201321020208
201321020209
201321020210
201321020211
201321020212
201321020213
201321020214
201321020215
201321020216
201321020217
201321020218
201321020219
201321020220
201321020221
201321020222
201321020223
201321020224
201321020225
201321020226
201321020227
201321020228
201321020229
201321020230
201321020231
201321020301
201321020302
201321020303
201321020304
201321020305
201321020306
201321020307
201321020308
201321020309
201321020310
201321020311
201321020312
201321020313
201321020314
201321020315
201321020316
201321020317
201321020318
201321020319
201321020320
201321020321
201321020322
201321020323
201321020324
201321020325
201321020326
201321020327
201321020328
201321020329
201321020330
201321020331
201321020401
201321020402
201321020403
201321020404
201321020405
201321020406
201321020407
201321020408
201321020409
201321020410
201321020411
201321020412
201321020413
201321020414
201321020415
201321020416
201321020417
201321020418
201321020419
201321020420
201321020421
201321020422
201321020423
201321020424
201321020425
201321020426
201321020427
201321020428
201321020429
201321020430
201321020431
201321020432
201321030101
201321030102
201321030103
201321030104
201321030105
201321030106
201321030107
201321030108
201321030109
201321030110
201321030111
201321030112
201321030113
201321030114
201321030115
201321030116
201321030117
201321030118
201321030119
201321030120
201321030121
201321030122
201321030123
201321030124
201321030125
201321030126
201321030127
201321030128
201321030201
201321030202
201321030203
201321030204
201321030205
201321030206
201321030207
201321030208
201321030209
201321030210
201321030211
201321030212
201321030213
201321030214
201321030215
201321030216
201321030217
201321030218
201321030219
201321030220
201321030221
201321030222
201321030223
201321030224
201321030225
201321030226
201321030227
201321030228
201321030301
201321030302
201321030303
201321030304
201321030305
201321030306
201321030307
201321030308
201321030309
201321030310
201321030311
201321030312
201321030313
201321030314
201321030315
201321030316
201321030317
201321030318
201321030319
201321030320
201321030321
201321030322
201321030323
201321030324
201321030325
201321030326
201321030327
201321030328
201321030401
201321030402
201321030403
201321030404
201321030405
201321030406
201321030407
201321030408
201321030409
201321030410
201321030411
201321030412
201321030413
201321030414
201321030415
201321030416
201321030417
201321030418
201321030419
201321030420
201321030421
201321030422
201321030423
201321030424
201321030425
201321030426
201321030427
201321050101
201321050102
201321050103
201321050104
201321050105
201321050106
201321050107
201321050108
201321050109
201321050110
201321050111
201321050112
201321050113
201321050114
201321050115
201321050116
201321050117
201321050118
201321050119
201321050120
201321050121
201321050122
201321050123
201321050124
201321050125
201321050126
201321050127
201321050128
201321050129
201321050130
201321050131
201321050132
201321050133
201321050201
201321050202
201321050203
201321050204
201321050205
201321050206
201321050207
201321050208
201321050209
201321050210
201321050211
201321050212
201321050213
201321050214
201321050215
201321050216
201321050217
201321050218
201321050219
201321050220
201321050221
201321050222
201321050223
201321050224
201321050225
201321050226
201321050227
201321050228
201321050229
201321050230
201321050231
201321050232
201321050233
201321050234
201321050235
201321050301
201321050302
201321050303
201321050304
201321050305
201321050306
201321050307
201321050308
201321050309
201321050310
201321050311
201321050312
201321050313
201321050314
201321050315
201321050316
201321050317
201321050318
201321050319
201321050320
201321050321
201321050322
201321050323
201321050324
201321050325
201321050326
201321050327
201321050328
201321050329
201321050330
201321050331
201321050332
201321060101
201321060102
201321060103
201321060104
201321060105
201321060106
201321060107
201321060108
201321060109
201321060110
201321060111
201321060112
201321060113
201321060114
201321060115
201321060116
201321060117
201321060118
201321060119
201321060120
201321060121
201321060122
201321060123
201321060124
201321060125
201321060126
201321060127
201321060128
201321060129
201321060130
201321060131
201321060132
201321060133
201321060134
201321060201
201321060202
201321060203
201321060204
201321060205
201321060206
201321060207
201321060208
201321060209
201321060210
201321060211
201321060212
201321060213
201321060214
201321060215
201321060216
201321060217
201321060218
201321060219
201321060220
201321060221
201321060222
201321060223
201321060224
201321060225
201321060226
201321060227
201321060228
201321060229
201321060230
201321060231
201321060232
201321060233
201321070101
201321070102
201321070103
201321070104
201321070105
201321070106
201321070107
201321070108
201321070109
201321070110
201321070111
201321070112
201321070113
201321070114
201321070115
201321070116
201321070117
201321070118
201321070119
201321070120
201321070121
201321070122
201321070123
201321070124
201321070125
201321070126
201321070127
201321070128
201321070129
201321070130
201321080101
201321080102
201321080103
201321080104
201321080105
201321080106
201321080107
201321080108
201321080109
201321080110
201321080111
201321080112
201321080113
201321080114
201321080115
201321080116
201321080117
201321080118
201321080119
201321080120
201321080121
201321080122
201321080123
201321080124
201321080125
201321080126
201321080127
201321080128
201321080129
201321080130
201321080131
201321080132
201321080133
201321080134
201321080135
201321080136
201321080137
201321080138
201321080139
201321080201
201321080202
201321080203
201321080204
201321080205
201321080206
201321080207
201321080208
201321080209
201321080210
201321080211
201321080212
201321080213
201321080214
201321080215
201321080216
201321080217
201321080218
201321080219
201321080220
201321080221
201321080222
201321080223
201321080224
201321080225
201321080226
201321080227
201321080228
201321080229
201321080230
201321080231
201321080232
201321080233
201321080234
201321080235
201321080236
201321080237
201321080238
201321080239
201321090101
201321090102
201321090103
201321090104
201321090105
201321090106
201321090107
201321090108
201321090109
201321090110
201321090111
201321090112
201321090113
201321090114
201321090115
201321090116
201321090117
201321090118
201321090119
201321090120
201321090121
201321090122
201321090123
201321090124
201321090125
201321090126
201321090127
201321090128
201321090129
201321090130
201322010101
201322010102
201322010103
201322010104
201322010105
201322010106
201322010107
201322010108
201322010109
201322010110
201322010111
201322010112
201322010113
201322010114
201322010115
201322010116
201322010117
201322010118
201322010119
201322010120
201322010121
201322010122
201322010123
201322010124
201322010125
201322010126
201322010127
201322010128
201322010129
201322010130
201322010131
201322010132
201322010133
201322010134
201322010201
201322010202
201322010203
201322010204
201322010205
201322010206
201322010207
201322010208
201322010209
201322010210
201322010211
201322010212
201322010213
201322010214
201322010215
201322010216
201322010217
201322010218
201322010219
201322010220
201322010221
201322010222
201322010223
201322010224
201322010225
201322010226
201322010227
201322010228
201322010229
201322010230
201322010231
201322010232
201322010233
201322010234
201322010301
201322010302
201322010303
201322010304
201322010305
201322010306
201322010307
201322010308
201322010309
201322010310
201322010311
201322010312
201322010313
201322010314
201322010315
201322010316
201322010317
201322010318
201322010319
201322010320
201322010321
201322010322
201322010323
201322010324
201322010325
201322010326
201322010327
201322010328
201322010329
201322010330
201322010331
201322010332
201322010333
201322010334
201322010401
201322010402
201322010403
201322010404
201322010405
201322010406
201322010407
201322010408
201322010409
201322010410
201322010411
201322010412
201322010413
201322010414
201322010415
201322010416
201322010417
201322010418
201322010419
201322010420
201322010421
201322010422
201322010423
201322010424
201322010425
201322010426
201322010427
201322010428
201322010429
201322010430
201322010431
201322010432
201322010433
201322010434
201322010501
201322010502
201322010503
201322010504
201322010505
201322010506
201322010507
201322010508
201322010509
201322010510
201322010511
201322010512
201322010513
201322010514
201322010515
201322010516
201322010517
201322010518
201322010519
201322010520
201322010521
201322010522
201322010523
201322010524
201322010525
201322010526
201322010527
201322010528
201322010529
201322010530
201322020101
201322020102
201322020103
201322020104
201322020105
201322020106
201322020107
201322020108
201322020109
201322020110
201322020111
201322020112
201322020113
201322020114
201322020115
201322020116
201322020117
201322020118
201322020119
201322020120
201322020121
201322020122
201322020123
201322020124
201322020125
201322020126
201322020127
201322020128
201322020129
201322020130
201322020131
201322020132
201322020133
201322020134
201322020201
201322020202
201322020203
201322020204
201322020205
201322020206
201322020207
201322020208
201322020209
201322020210
201322020211
201322020212
201322020213
201322020214
201322020215
201322020216
201322020217
201322020218
201322020219
201322020220
201322020221
201322020222
201322020223
201322020224
201322020225
201322020226
201322020227
201322020228
201322020229
201322020230
201322020231
201322020232
201322020233
201322020234
201322020301
201322020302
201322020303
201322020304
201322020305
201322020306
201322020307
201322020308
201322020309
201322020310
201322020311
201322020312
201322020313
201322020314
201322020315
201322020316
201322020317
201322020318
201322020319
201322020320
201322020321
201322020322
201322020323
201322020324
201322020325
201322020326
201322020327
201322020328
201322020329
201322020330
201322020331
201322020332
201322020333
201322030101
201322030102
201322030103
201322030104
201322030105
201322030106
201322030107
201322030108
201322030109
201322030110
201322030111
201322030112
201322030113
201322030114
201322030115
201322030116
201322030117
201322030118
201322030119
201322030120
201322030121
201322030122
201322030123
201322030124
201322030125
201322030126
201322030127
201322030128
201322030129
201322030130
201322030131
201322030132
201322030133
201322030134
201322030135
201322030201
201322030202
201322030203
201322030204
201322030205
201322030206
201322030207
201322030208
201322030209
201322030210
201322030211
201322030212
201322030213
201322030214
201322030215
201322030216
201322030217
201322030218
201322030219
201322030220
201322030221
201322030222
201322030223
201322030224
201322030225
201322030226
201322030227
201322030228
201322030229
201322030230
201322030231
201322030232
201322030233
201322030234
201322030235
201322040101
201322040102
201322040103
201322040104
201322040105
201322040106
201322040107
201322040108
201322040109
201322040110
201322040111
201322040112
201322040113
201322040114
201322040115
201322040116
201322040117
201322040118
201322040119
201322040120
201322040121
201322040122
201322040123
201322040124
201322040125
201322040126
201322040127
201322040128
201322040129
201322040130
201322040131
201322050101
201322050102
201322050103
201322050104
201322050105
201322050106
201322050107
201322050108
201322050109
201322050110
201322050111
201322050112
201322050113
201322050114
201322050115
201322050116
201322050117
201322050118
201322050119
201322050120
201322050121
201322050122
201322050123
201322050124
201322050125
201322050126
201322050127
201322050128
201322050129
201322050130
201322050131
201322050132
201322050133
201322050134
201322050135
201322050136
201322050201
201322050202
201322050203
201322050204
201322050205
201322050206
201322050207
201322050208
201322050209
201322050210
201322050211
201322050212
201322050213
201322050214
201322050215
201322050216
201322050217
201322050218
201322050219
201322050220
201322050221
201322050222
201322050223
201322050224
201322050225
201322050226
201322050227
201322050228
201322050229
201322050230
201322050231
201322050232
201322050233
201322050234
201322050235
201322050236
201322060101
201322060102
201322060103
201322060104
201322060105
201322060106
201322060107
201322060108
201322060109
201322060110
201322060111
201322060112
201322060113
201322060114
201322060115
201322060116
201322060117
201322060118
201322060119
201322060120
201322060121
201322060122
201322060123
201322060124
201322060125
201322060126
201322060127
201322060128
201322060129
201322060130
201322060131
201322060132
201322060133
201322060134
201322070101
201322070102
201322070103
201322070104
201322070105
201322070106
201322070107
201322070108
201322070109
201322070110
201322070111
201322070112
201322070113
201322070114
201322070115
201322070116
201322070117
201322070118
201322070119
201322070120
201322070121
201322070122
201322070123
201322070124
201322070125
201322070126
201322070127
201322070128
201322070129
201322070130
201322070131
201322070132
201322070133
201322070134
201322070135
201322070136
201322070201
201322070202
201322070203
201322070204
201322070205
201322070206
201322070207
201322070208
201322070209
201322070210
201322070211
201322070212
201322070213
201322070214
201322070215
201322070216
201322070217
201322070218
201322070219
201322070220
201322070221
201322070222
201322070223
201322070224
201322070225
201322070226
201322070227
201322070228
201322070229
201322070230
201322070231
201322070232
201322070233
201322070234
201322070235
201322070236
201323010101
201323010102
201323010103
201323010104
201323010105
201323010106
201323010107
201323010108
201323010109
201323010110
201323010111
201323010112
201323010113
201323010114
201323010115
201323010116
201323010117
201323010118
201323010119
201323010120
201323010121
201323010122
201323010123
201323010124
201323010125
201323010126
201323010127
201323010128
201323010129
201323010130
201323010131
201323010132
201323010133
201323010134
201323010135
201323010136
201323010201
201323010202
201323010203
201323010204
201323010205
201323010206
201323010207
201323010208
201323010209
201323010210
201323010211
201323010212
201323010213
201323010214
201323010215
201323010216
201323010217
201323010218
201323010219
201323010220
201323010221
201323010222
201323010223
201323010224
201323010225
201323010226
201323010227
201323010228
201323010229
201323010230
201323010231
201323010232
201323010233
201323010234
201323010235
201323010236
201323010301
201323010302
201323010303
201323010304
201323010305
201323010306
201323010307
201323010308
201323010309
201323010310
201323010311
201323010312
201323010313
201323010314
201323010315
201323010316
201323010317
201323010318
201323010319
201323010320
201323010321
201323010322
201323010323
201323010324
201323010325
201323010326
201323010327
201323010328
201323010329
201323010330
201323020101
201323020102
201323020103
201323020104
201323020105
201323020106
201323020107
201323020108
201323020109
201323020110
201323020111
201323020112
201323020113
201323020114
201323020115
201323020116
201323020117
201323020118
201323020119
201323020120
201323020121
201323020122
201323020123
201323020124
201323020125
201323020126
201323020127
201323020128
201323020129
201323020130
201323030101
201323030102
201323030103
201323030104
201323030105
201323030106
201323030107
201323030108
201323030109
201323030110
201323030111
201323030112
201323030113
201323030114
201323030115
201323030116
201323030117
201323030118
201323030119
201323030120
201323030121
201323030122
201323030123
201323030124
201323030125
201323030126
201323030127
201323030128
201323030129
201323030130
201323030131
201323030132
201323030133
201323030134
201323030135
201323030136
201323030201
201323030202
201323030203
201323030204
201323030205
201323030206
201323030207
201323030208
201323030209
201323030210
201323030211
201323030212
201323030213
201323030214
201323030215
201323030216
201323030217
201323030218
201323030219
201323030220
201323030221
201323030222
201323030223
201323030224
201323030225
201323030226
201323030227
201323030228
201323030229
201323030230
201323030231
201323030232
201323030233
201323030234
201323030235
201323030236
201323030301
201323030302
201323030303
201323030304
201323030305
201323030306
201323030307
201323030308
201323030309
201323030310
201323030311
201323030312
201323030313
201323030314
201323030315
201323030316
201323030317
201323030318
201323030319
201323030320
201323030321
201323030322
201323030323
201323030324
201323030325
201323030326
201323030327
201323030328
201323030329
201323030330
201323030331
201323030332
201323030333
201323030334
201323030401
201323030402
201323030403
201323030404
201323030405
201323030406
201323030407
201323030408
201323030409
201323030410
201323030411
201323030412
201323030413
201323030414
201323030415
201323030416
201323030417
201323030418
201323030419
201323030420
201323030421
201323030422
201323030423
201323030424
201323030425
201323030426
201323030427
201323030428
201323030429
201323030430
201323030431
201323030432
201323030433
201323040101
201323040102
201323040103
201323040104
201323040105
201323040106
201323040107
201323040108
201323040109
201323040110
201323040111
201323040112
201323040113
201323040114
201323040115
201323040116
201323040117
201323040118
201323040119
201323040120
201323040121
201323040122
201323040123
201323040124
201323040125
201323040126
201323040127
201323040128
201323040129
201323040130
201323040131
201323040132
201323040133
201323040134
201323040135
201323040136
201323060101
201323060102
201323060103
201323060104
201323060105
201323060106
201323060107
201323060108
201323060109
201323060110
201323060111
201323060112
201323060113
201323060114
201323060115
201323060116
201323060117
201323060118
201323060119
201323060120
201323060121
201323060122
201323060123
201323060124
201323060125
201323060126
201323060127
201323060128
201323060129
201323060130
201323060131
201323060132
201323060133
201323060134
201323060135
201323070101
201323070102
201323070103
201323070104
201323070105
201323070106
201323070107
201323070108
201323070109
201323070110
201323070111
201323070112
201323070113
201323070114
201323070115
201323070116
201323070117
201323070118
201323070119
201323070120
201323070121
201323070122
201323070123
201323070124
201323070125
201323070126
201323070127
201323070128
201323070129
201323070130
201323070131
201323070132
201323070133
201323070134
201323070201
201323070202
201323070203
201323070204
201323070205
201323070206
201323070207
201323070208
201323070209
201323070210
201323070211
201323070212
201323070213
201323070214
201323070215
201323070216
201323070217
201323070218
201323070219
201323070220
201323070221
201323070222
201323070223
201323070224
201323070225
201323070226
201323070227
201323070228
201323070229
201323070230
201323070231
201323070232
201323070233
201323070234
201323080101
201323080102
201323080103
201323080104
201323080105
201323080106
201323080107
201323080108
201323080109
201323080110
201323080111
201323080112
201323080113
201323080114
201323080115
201323080116
201323080117
201323080118
201323080119
201323080120
201323080121
201323080122
201323080123
201323080124
201323080125
201323080126
201323080127
201323080128
201323080129
201323080130
201323080131
201323080132
201323090101
201323090102
201323090103
201323090104
201323090105
201323090106
201323090107
201323090108
201323090109
201323090110
201323090111
201323090112
201323090113
201323090114
201323090115
201323090116
201323090117
201323090118
201323090119
201323090120
201323090121
201323090122
201323090123
201323090124
201323090125
201323090126
201323090127
201323090128
201323090129
201323090130
201323090131
201323090132
201323090133
201323090134
201323090135
201323090136
201323090137
201324020101
201324020102
201324020103
201324020104
201324020105
201324020106
201324020107
201324020108
201324020109
201324020110
201324020111
201324020112
201324020113
201324020114
201324020115
201324020116
201324020117
201324020118
201324020119
201324020120
201324020121
201324020122
201324020123
201324020124
201324020125
201324020126
201324020127
201324020128
201324020201
201324020202
201324020203
201324020204
201324020205
201324020206
201324020207
201324020208
201324020209
201324020210
201324020211
201324020212
201324020213
201324020214
201324020215
201324020216
201324020217
201324020218
201324020219
201324020220
201324020221
201324020222
201324020223
201324020224
201324020225
201324020226
201324020227
201324020228
201324020301
201324020302
201324020303
201324020304
201324020305
201324020306
201324020307
201324020308
201324020309
201324020310
201324020311
201324020312
201324020313
201324020314
201324020315
201324020316
201324020317
201324020318
201324020319
201324020320
201324020321
201324020322
201324020323
201324020324
201324020325
201324020326
201324020327
201324020328
201324020329
201324020330
201324020331
201324020332
201324020333
201324020334
201324020335
201324020336
201324020401
201324020402
201324020403
201324020404
201324020405
201324020406
201324020407
201324020408
201324020409
201324020410
201324020411
201324020412
201324020413
201324020414
201324020415
201324020416
201324020417
201324020418
201324020419
201324020420
201324020421
201324020422
201324020423
201324020424
201324020425
201324020426
201324020427
201324020428
201324020429
201324020430
201324020431
201324020432
201324020433
201324020434
201324020435
201324030101
201324030102
201324030103
201324030104
201324030105
201324030106
201324030107
201324030108
201324030109
201324030110
201324030111
201324030112
201324030113
201324030114
201324030115
201324030116
201324030117
201324030118
201324030119
201324030120
201324030121
201324030122
201324030123
201324030124
201324030125
201324030126
201324030127
201324030128
201324030129
201324030130
201324030201
201324030202
201324030203
201324030204
201324030205
201324030206
201324030207
201324030208
201324030209
201324030210
201324030211
201324030212
201324030213
201324030214
201324030215
201324030216
201324030217
201324030218
201324030219
201324030220
201324030221
201324030222
201324030223
201324030224
201324030225
201324030226
201324030227
201324030228
201324030229
201324040101
201324040102
201324040103
201324040104
201324040105
201324040106
201324040107
201324040108
201324040109
201324040110
201324040111
201324040112
201324040113
201324040114
201324040115
201324040116
201324040117
201324040118
201324040119
201324040120
201324040121
201324040122
201324040123
201324040124
201324040125
201324040126
201324040127
201324040128
201324040129
201324040130
201324040131
201324040132
201324040133
201324040134
201324040135
201324040136
201324040201
201324040202
201324040203
201324040204
201324040205
201324040206
201324040207
201324040208
201324040209
201324040210
201324040211
201324040212
201324040213
201324040214
201324040215
201324040216
201324040217
201324040218
201324040219
201324040220
201324040221
201324040222
201324040223
201324040224
201324040225
201324040226
201324040227
201324040228
201324040229
201324040230
201324040231
201324040232
201324040233
201324040234
201324040235
201324060101
201324060102
201324060103
201324060104
201324060105
201324060106
201324060107
201324060108
201324060109
201324060110
201324060111
201324060112
201324060113
201324060114
201324060115
201324060116
201324060117
201324060118
201324060119
201324060120
201324060121
201324060122
201324060123
201324060124
201324060125
201324060126
201324060127
201324060128
201324060129
201324060130
201324060131
201324060132
201324060133
201324060134
201324060135
201324060201
201324060202
201324060203
201324060204
201324060205
201324060206
201324060207
201324060208
201324060209
201324060210
201324060211
201324060212
201324060213
201324060214
201324060215
201324060216
201324060217
201324060218
201324060219
201324060220
201324060221
201324060222
201324060223
201324060224
201324060225
201324060226
201324060227
201324060228
201324060229
201324060230
201324060231
201324060232
201324060233
201324060234
201324060235
201324070101
201324070102
201324070103
201324070104
201324070105
201324070106
201324070107
201324070108
201324070109
201324070110
201324070111
201324070112
201324070113
201324070114
201324070115
201324070116
201324070117
201324070118
201324070119
201324070120
201324070121
201324070122
201324070123
201324070124
201324070125
201324070126
201324070127
201324070128
201324070129
201324070130
201324070131
201324070132
201324070133
201324070134
201324070135
201324070136
201324080101
201324080102
201324080103
201324080104
201324080105
201324080106
201324080107
201324080108
201324080109
201324080110
201324080111
201324080112
201324080113
201324080114
201324080115
201324080116
201324080117
201324080118
201324080119
201324080120
201324080121
201324080122
201324080123
201324080124
201324080125
201324080126
201324080127
201324080128
201324080129
201324080130
201324080201
201324080202
201324080203
201324080204
201324080205
201324080206
201324080207
201324080208
201324080209
201324080210
201324080211
201324080212
201324080213
201324080214
201324080215
201324080216
201324080217
201324080218
201324080219
201324080220
201324080221
201324080222
201324080223
201324080224
201324080225
201324080226
201324080227
201324080228
201324080229
201324090101
201324090102
201324090103
201324090104
201324090105
201324090106
201324090107
201324090108
201324090109
201324090110
201324090111
201324090112
201324090113
201324090114
201324090115
201324090116
201324090117
201324090118
201324090119
201324090120
201324090121
201324090122
201324090123
201324090124
201324090125
201324090126
201324090127
201324090128
201324090129
201324090130
201324090131
201325010101
201325010102
201325010103
201325010104
201325010105
201325010106
201325010107
201325010108
201325010109
201325010110
201325010111
201325010112
201325010113
201325010114
201325010115
201325010116
201325010117
201325010118
201325010119
201325010120
201325010121
201325010122
201325010123
201325010124
201325010125
201325010126
201325010127
201325010128
201325010129
201325010130
201325010131
201325010132
201325040101
201325040102
201325040103
201325040104
201325040105
201325040106
201325040107
201325040108
201325040109
201325040110
201325040111
201325040112
201325040113
201325040114
201325040115
201325040116
201325040117
201325040118
201325040119
201325040120
201325040121
201325040122
201325040123
201325040124
201325040125
201325040126
201325040127
201325040128
201325040129
201325040130
201325040131
201325040132
201325040133
201325040134
201325040135
201325040201
201325040202
201325040203
201325040204
201325040205
201325040206
201325040207
201325040208
201325040209
201325040210
201325040211
201325040212
201325040213
201325040214
201325040215
201325040216
201325040217
201325040218
201325040219
201325040220
201325040221
201325040222
201325040223
201325040224
201325040225
201325040226
201325040227
201325040228
201325040229
201325040230
201325040231
201325040232
201325040233
201325040234
201325040235
201325040301
201325040302
201325040303
201325040304
201325040305
201325040306
201325040307
201325040308
201325040309
201325040310
201325040311
201325040312
201325040313
201325040314
201325040315
201325040316
201325040317
201325040318
201325040319
201325040320
201325040321
201325040322
201325040323
201325040324
201325040325
201325040326
201325040327
201325040328
201325040329
201325040330
201325040331
201325040332
201325040333
201325040334
201325040335
201325040401
201325040402
201325040403
201325040404
201325040405
201325040406
201325040407
201325040408
201325040409
201325040410
201325040411
201325040412
201325040413
201325040414
201325040415
201325040416
201325040417
201325040418
201325040419
201325040420
201325040421
201325040422
201325040423
201325040424
201325040425
201325040426
201325040427
201325040428
201325040429
201325040430
201325040431
201325040432
201325040433
201325040434
201325040435
201325040501
201325040502
201325040503
201325040504
201325040505
201325040506
201325040507
201325040508
201325040509
201325040510
201325040511
201325040512
201325040513
201325040514
201325040515
201325040516
201325040517
201325040518
201325040519
201325040520
201325040521
201325040522
201325040523
201325040524
201325040525
201325040526
201325040527
201325040528
201325040529
201325040530
201325040531
201325040532
201325040533
201325040534
201325040601
201325040602
201325040603
201325040604
201325040605
201325040606
201325040607
201325040608
201325040609
201325040610
201325040611
201325040612
201325040613
201325040614
201325040615
201325040616
201325040617
201325040618
201325040619
201325040620
201325040621
201325040622
201325040623
201325040624
201325040625
201325040626
201325040627
201325040628
201325040629
201325040630
201325040631
201325040632
201325040633
201325040634
201325040701
201325040702
201325040703
201325040704
201325040705
201325040706
201325040707
201325040708
201325040709
201325040710
201325040711
201325040712
201325040713
201325040714
201325040715
201325040716
201325040717
201325040718
201325040719
201325040720
201325040721
201325040722
201325040723
201325040724
201325040725
201325040726
201325040727
201325040728
201325040729
201325040730
201325040731
201325040732
201325040733
201325040734
201325050101
201325050102
201325050103
201325050104
201325050105
201325050106
201325050107
201325050108
201325050109
201325050110
201325050111
201325050112
201325050113
201325050114
201325050115
201325050116
201325050117
201325050118
201325050119
201325050120
201325050121
201325050122
201325050123
201325050124
201325050125
201325050126
201325050127
201325050128
201325050129
201325050130
201325050201
201325050202
201325050203
201325050204
201325050205
201325050206
201325050207
201325050208
201325050209
201325050210
201325050211
201325050212
201325050213
201325050214
201325050215
201325050216
201325050217
201325050218
201325050219
201325050220
201325050221
201325050222
201325050223
201325050224
201325050225
201325050226
201325050227
201325050228
201325050229
201325050230
201325050301
201325050302
201325050303
201325050304
201325050305
201325050306
201325050307
201325050308
201325050309
201325050310
201325050311
201325050312
201325050313
201325050314
201325050315
201325050316
201325050317
201325050318
201325050319
201325050320
201325050321
201325050322
201325050323
201325050324
201325050325
201325050326
201325050327
201325050328
201325050329
201325070101
201325070102
201325070103
201325070104
201325070105
201325070106
201325070107
201325070108
201325070109
201325070110
201325070111
201325070112
201325070113
201325070114
201325070115
201325070116
201325070117
201325070118
201325070119
201325070120
201325070121
201325070122
201325070123
201325070124
201325070125
201325070126
201325070127
201325070128
201325070129
201325070130
201325070131
201325070132
201325070133
201325070134
201325070135
201325070201
201325070202
201325070203
201325070204
201325070205
201325070206
201325070207
201325070208
201325070209
201325070210
201325070211
201325070212
201325070213
201325070214
201325070215
201325070216
201325070217
201325070218
201325070219
201325070220
201325070221
201325070222
201325070223
201325070224
201325070225
201325070226
201325070227
201325070228
201325070229
201325070230
201325070231
201325070232
201325070233
201325070234
201325070301
201325070302
201325070303
201325070304
201325070305
201325070306
201325070307
201325070308
201325070309
201325070310
201325070311
201325070312
201325070313
201325070314
201325070315
201325070316
201325070317
201325070318
201325070319
201325070320
201325070321
201325070322
201325070323
201325070324
201325070325
201325070326
201325070327
201325070328
201325070329
201325070330
201325070331
201325070332
201325070333
201325070334
201325070401
201325070402
201325070403
201325070404
201325070405
201325070406
201325070407
201325070408
201325070409
201325070410
201325070411
201325070412
201325070413
201325070414
201325070415
201325070416
201325070417
201325070418
201325070419
201325070420
201325070421
201325070422
201325070423
201325070424
201325070425
201325070426
201325070427
201325070428
201325070429
201325070430
201325070431
201325070432
201325070433
201325070434
201325070501
201325070502
201325070503
201325070504
201325070505
201325070506
201325070507
201325070508
201325070509
201325070510
201325070511
201325070512
201325070513
201325070514
201325070515
201325070516
201325070517
201325070518
201325070519
201325070520
201325070521
201325070522
201325070523
201325070524
201325070525
201325070526
201325070527
201325070528
201325070529
201325070530
201326010101
201326010102
201326010103
201326010104
201326010105
201326010106
201326010107
201326010108
201326010109
201326010110
201326010111
201326010112
201326010113
201326010114
201326010115
201326010116
201326010117
201326010118
201326010119
201326010120
201326010121
201326010122
201326010123
201326010124
201326010125
201326010126
201326010127
201326010128
201326010129
201326010130
201326010131
201326010132
201326010133
201326010134
201326010135
201326010136
201326010201
201326010202
201326010203
201326010204
201326010205
201326010206
201326010207
201326010208
201326010209
201326010210
201326010211
201326010212
201326010213
201326010214
201326010215
201326010216
201326010217
201326010218
201326010219
201326010220
201326010221
201326010222
201326010223
201326010224
201326010225
201326010226
201326010227
201326010228
201326010229
201326010230
201326010231
201326010232
201326010233
201326010234
201326010235
201326010301
201326010302
201326010303
201326010304
201326010305
201326010306
201326010307
201326010308
201326010309
201326010310
201326010311
201326010312
201326010313
201326010314
201326010315
201326010316
201326010317
201326010318
201326010319
201326010320
201326010321
201326010322
201326010323
201326010324
201326010325
201326010326
201326010327
201326010328
201326010329
201326010330
201326010331
201326010401
201326010402
201326010403
201326010404
201326010405
201326010406
201326010407
201326010408
201326010409
201326010410
201326010411
201326010412
201326010413
201326010414
201326010415
201326010416
201326010417
201326010418
201326010419
201326010420
201326010421
201326010422
201326010423
201326010424
201326010425
201326010426
201326010427
201326010428
201326010429
201326010430
201326020101
201326020102
201326020103
201326020104
201326020105
201326020106
201326020107
201326020108
201326020109
201326020110
201326020111
201326020112
201326020113
201326020114
201326020115
201326020116
201326020117
201326020118
201326020119
201326020120
201326020121
201326020122
201326020123
201326020124
201326020125
201326020126
201326020127
201326020128
201326020129
201326020130
201326020131
201326020132
201326020133
201326020134
201326020135
201326020136
201326020137
201326020201
201326020202
201326020203
201326020204
201326020205
201326020206
201326020207
201326020208
201326020209
201326020210
201326020211
201326020212
201326020213
201326020214
201326020215
201326020216
201326020217
201326020218
201326020219
201326020220
201326020221
201326020222
201326020223
201326020224
201326020225
201326020226
201326020227
201326020228
201326020229
201326020230
201326020231
201326020232
201326020233
201326020234
201326020235
201326020236
201326030101
201326030102
201326030103
201326030104
201326030105
201326030106
201326030107
201326030108
201326030109
201326030110
201326030111
201326030112
201326030113
201326030114
201326030115
201326030116
201326030117
201326030118
201326030119
201326030120
201326030121
201326030122
201326030123
201326030124
201326030125
201326030201
201326030202
201326030203
201326030204
201326030205
201326030206
201326030207
201326030208
201326030209
201326030210
201326030211
201326030212
201326030213
201326030214
201326030215
201326030216
201326030217
201326030218
201326030219
201326030220
201326030221
201326030222
201326030223
201326030224
201326040101
201326040102
201326040103
201326040104
201326040105
201326040106
201326040107
201326040108
201326040109
201326040110
201326040111
201326040112
201326040113
201326040114
201326040115
201326040116
201326040117
201326040118
201326040119
201326040120
201326040121
201326040122
201326040123
201326040124
201326040125
201326040126
201326040127
201326040128
201326040129
201326040130
201326040131
201326040201
201326040202
201326040203
201326040204
201326040205
201326040206
201326040207
201326040208
201326040209
201326040210
201326040211
201326040212
201326040213
201326040214
201326040215
201326040216
201326040217
201326040218
201326040219
201326040220
201326040221
201326040222
201326040223
201326040224
201326040225
201326040226
201326040227
201326040228
201326040229
201326040230
201326040231
201326040301
201326040302
201326040303
201326040304
201326040305
201326040306
201326040307
201326040308
201326040309
201326040310
201326040311
201326040312
201326040313
201326040314
201326040315
201326040316
201326040317
201326040318
201326040319
201326040320
201326040321
201326040322
201326040323
201326040324
201326040325
201326040326
201326040327
201326040328
201326040329
201326040330
201326040331
201326050101
201326050102
201326050103
201326050104
201326050105
201326050106
201326050107
201326050108
201326050109
201326050110
201326050111
201326050112
201326050113
201326050114
201326050115
201326050116
201326050117
201326050118
201326050119
201326050120
201326050121
201326050122
201326050123
201326050124
201326050125
201326050126
201326050127
201326050128
201326050129
201326050130
201326050131
201326050132
201326060101
201326060102
201326060103
201326060104
201326060105
201326060106
201326060107
201326060108
201326060109
201326060110
201326060111
201326060112
201326060113
201326060114
201326060115
201326060116
201326060117
201326060118
201326060119
201326060120
201326060121
201326060122
201326060123
201326060124
201326060125
201326060126
201326060127
201326060128
201326060129
201326060130
201326060131
201326060132
201326060133
201326060134
201326060135
201326060136
201326060137
201326060138
201326070101
201326070102
201326070103
201326070104
201326070105
201326070106
201326070107
201326070108
201326070109
201326070110
201326070111
201326070112
201326070113
201326070114
201326070115
201326070116
201326070117
201326070118
201326070119
201326070120
201326070121
201326070122
201326070123
201326070124
201326070125
201326070126
201326070127
201326070128
201326070129
201326070130
201326070131
201326070132
201326070133
201326070134
201326070135
201326070136
201326070137
201326070201
201326070202
201326070203
201326070204
201326070205
201326070206
201326070207
201326070208
201326070209
201326070210
201326070211
201326070212
201326070213
201326070214
201326070215
201326070216
201326070217
201326070218
201326070219
201326070220
201326070221
201326070222
201326070223
201326070224
201326070225
201326070226
201326070227
201326070228
201326070229
201326070230
201326070231
201326070232
201326070233
201326070234
201326070235
201326070236
201327010101
201327010102
201327010103
201327010104
201327010105
201327010106
201327010107
201327010108
201327010109
201327010110
201327010111
201327010112
201327010113
201327010114
201327010115
201327010116
201327010117
201327010118
201327010119
201327010120
201327010121
201327010122
201327010123
201327010124
201327010125
201327010126
201327010127
201327010128
201327010129
201327010130
201327010131
201327010132
201327010133
201327010134
201327010201
201327010202
201327010203
201327010204
201327010205
201327010206
201327010207
201327010208
201327010209
201327010210
201327010211
201327010212
201327010213
201327010214
201327010215
201327010216
201327010217
201327010218
201327010219
201327010220
201327010221
201327010222
201327010223
201327010224
201327010225
201327010226
201327010227
201327010228
201327010229
201327010230
201327010231
201327010232
201327010233
201327010301
201327010302
201327010303
201327010304
201327010305
201327010306
201327010307
201327010308
201327010309
201327010310
201327010311
201327010312
201327010313
201327010314
201327010315
201327010316
201327010317
201327010318
201327010319
201327010320
201327010321
201327010322
201327010323
201327010324
201327010325
201327010326
201327010327
201327010328
201327010329
201327010330
201327010331
201327010332
201327010333
201327020101
201327020102
201327020103
201327020104
201327020105
201327020106
201327020107
201327020108
201327020109
201327020110
201327020111
201327020112
201327020113
201327020114
201327020115
201327020116
201327020117
201327020118
201327020119
201327020120
201327020121
201327020122
201327020123
201327020124
201327020125
201327020126
201327020127
201327020128
201327020129
201327020130
201327020131
201327020132
201327020133
201327020134
201327020201
201327020202
201327020203
201327020204
201327020205
201327020206
201327020207
201327020208
201327020209
201327020210
201327020211
201327020212
201327020213
201327020214
201327020215
201327020216
201327020217
201327020218
201327020219
201327020220
201327020221
201327020222
201327020223
201327020224
201327020225
201327020226
201327020227
201327020228
201327020229
201327020230
201327020231
201327020232
201327020233
201327020234
201327020301
201327020302
201327020303
201327020304
201327020305
201327020306
201327020307
201327020308
201327020309
201327020310
201327020311
201327020312
201327020313
201327020314
201327020315
201327020316
201327020317
201327020318
201327020319
201327020320
201327020321
201327020322
201327020323
201327020324
201327020325
201327020326
201327020327
201327020328
201327020329
201327020330
201327020331
201327020332
201327020333
201327020401
201327020402
201327020403
201327020404
201327020405
201327020406
201327020407
201327020408
201327020409
201327020410
201327020411
201327020412
201327020413
201327020414
201327020415
201327020416
201327020417
201327020418
201327020419
201327020420
201327020421
201327020422
201327020423
201327020424
201327020425
201327020426
201327020427
201327020428
201327020501
201327020502
201327020503
201327020504
201327020505
201327020506
201327020507
201327020508
201327020509
201327020510
201327020511
201327020512
201327020513
201327020514
201327020515
201327020516
201327020517
201327020518
201327020519
201327020520
201327020521
201327020522
201327020523
201327020524
201327020525
201327020526
201327020527
201327020528
201327020529
201327020530
201327060101
201327060102
201327060103
201327060104
201327060105
201327060106
201327060107
201327060108
201327060109
201327060110
201327060111
201327060112
201327060113
201327060114
201327060115
201327060116
201327060117
201327060118
201327060119
201327060120
201327060121
201327060122
201327060123
201327060124
201327060125
201327060126
201327060127
201327060128
201327060129
201327060130
201327060131
201327060132
201327060133
201327060134
201327060135
201327060201
201327060202
201327060203
201327060204
201327060205
201327060206
201327060207
201327060208
201327060209
201327060210
201327060211
201327060212
201327060213
201327060214
201327060215
201327060216
201327060217
201327060218
201327060219
201327060220
201327060221
201327060222
201327060223
201327060224
201327060225
201327060226
201327060227
201327060228
201327060229
201327060230
201327060231
201327060232
201327060233
201327060234
201327070101
201327070102
201327070103
201327070104
201327070105
201327070106
201327070107
201327070108
201327070109
201327070110
201327070111
201327070112
201327070113
201327070114
201327070115
201327070116
201327070117
201327070118
201327070119
201327070120
201327070121
201327070122
201327070123
201327070124
201327070125
201327070126
201327070127
201327070128
201327070129
201327070130
201327070131
201327070132
201327070133
201327070134
201327080101
201327080102
201327080103
201327080104
201327080105
201327080106
201327080107
201327080108
201327080109
201327080110
201327080111
201327080112
201327080113
201327080114
201327080115
201327080116
201327080117
201327080118
201327080119
201327080120
201327080121
201327080122
201327080123
201327080124
201327080125
201327080126
201327080127
201327080128
201327080129
201327080130
201327080131
201327090101
201327090102
201327090103
201327090104
201327090105
201327090106
201327090107
201327090108
201327090109
201327090110
201327090111
201327090112
201327090113
201327090114
201327090115
201327090116
201327090117
201327090118
201327090119
201327090120
201327090121
201327090122
201327090123
201327090124
201327090125
201327090126
201327090127
201328010101
201328010102
201328010103
201328010104
201328010105
201328010106
201328010107
201328010108
201328010109
201328010110
201328010111
201328010112
201328010113
201328010114
201328010115
201328010116
201328010117
201328010118
201328010119
201328010120
201328010121
201328010122
201328010123
201328010124
201328010125
201328010126
201328010127
201328010128
201328010129
201328010130
201328010131
201328010132
201328010133
201328010201
201328010202
201328010203
201328010204
201328010205
201328010206
201328010207
201328010208
201328010209
201328010210
201328010211
201328010212
201328010213
201328010214
201328010215
201328010216
201328010217
201328010218
201328010219
201328010220
201328010221
201328010222
201328010223
201328010224
201328010225
201328010226
201328010227
201328010228
201328010229
201328010230
201328010231
201328010232
201328010233
201328010301
201328010302
201328010303
201328010304
201328010305
201328010306
201328010307
201328010308
201328010309
201328010310
201328010311
201328010312
201328010313
201328010314
201328010315
201328010316
201328010317
201328010318
201328010319
201328010320
201328010321
201328010322
201328010323
201328010324
201328010325
201328010326
201328010327
201328010328
201328010329
201328010330
201328010331
201328010332
201328010333
201328010401
201328010402
201328010403
201328010404
201328010405
201328010406
201328010407
201328010408
201328010409
201328010410
201328010411
201328010412
201328010413
201328010414
201328010415
201328010416
201328010417
201328010418
201328010419
201328010420
201328010421
201328010422
201328010423
201328010424
201328010425
201328010426
201328010427
201328010428
201328010429
201328010430
201328010431
201328010432
201328010433
201328010501
201328010502
201328010503
201328010504
201328010505
201328010506
201328010507
201328010508
201328010509
201328010510
201328010511
201328010512
201328010513
201328010514
201328010515
201328010516
201328010517
201328010518
201328010519
201328010520
201328010521
201328010522
201328010523
201328010524
201328010525
201328010526
201328010527
201328010528
201328010529
201328010530
201328010531
201328010532
201328010533
201328010601
201328010602
201328010603
201328010604
201328010605
201328010606
201328010607
201328010608
201328010609
201328010610
201328010611
201328010612
201328010613
201328010614
201328010615
201328010616
201328010617
201328010618
201328010619
201328010620
201328010621
201328010622
201328010623
201328010624
201328010625
201328010626
201328010627
201328010628
201328010629
201328010630
201328010631
201328010632
201328010633
201328010701
201328010702
201328010703
201328010704
201328010705
201328010706
201328010707
201328010708
201328010709
201328010710
201328010711
201328010712
201328010713
201328010714
201328010715
201328010716
201328010717
201328010718
201328010719
201328010720
201328010721
201328010722
201328010723
201328010724
201328010725
201328010726
201328010727
201328010728
201328010729
201328010730
201328010731
201328010732
201328010733
201328010801
201328010802
201328010803
201328010804
201328010805
201328010806
201328010807
201328010808
201328010809
201328010810
201328010811
201328010812
201328010813
201328010814
201328010815
201328010816
201328010817
201328010818
201328010819
201328010820
201328010821
201328010822
201328010823
201328010824
201328010825
201328010826
201328010827
201328010828
201328010829
201328010830
201328010831
201328010832
201328010833
201328010901
201328010902
201328010903
201328010904
201328010905
201328010906
201328010907
201328010908
201328010909
201328010910
201328010911
201328010912
201328010913
201328010914
201328010915
201328010916
201328010917
201328010918
201328010919
201328010920
201328010921
201328010922
201328010923
201328010924
201328010925
201328010926
201328010927
201328010928
201328010929
201328010930
201328010931
201328010932
201328010933
201328011001
201328011002
201328011003
201328011004
201328011005
201328011006
201328011007
201328011008
201328011009
201328011010
201328011011
201328011012
201328011013
201328011014
201328011015
201328011016
201328011017
201328011018
201328011019
201328011020
201328011021
201328011022
201328011023
201328011024
201328011025
201328011026
201328011027
201328011028
201328011029
201328011030
201328011031
201328011032
201328011033
201328011101
201328011102
201328011103
201328011104
201328011105
201328011106
201328011107
201328011108
201328011109
201328011110
201328011111
201328011112
201328011113
201328011114
201328011115
201328011116
201328011117
201328011118
201328011119
201328011120
201328011121
201328011122
201328011123
201328011124
201328011125
201328011126
201328011127
201328011128
201328011129
201328011130
201328011131
201328011132
201328011133
201328011201
201328011202
201328011203
201328011204
201328011205
201328011206
201328011207
201328011208
201328011209
201328011210
201328011211
201328011212
201328011213
201328011214
201328011215
201328011216
201328011217
201328011218
201328011219
201328011220
201328011221
201328011222
201328011223
201328011224
201328011225
201328011226
201328011227
201328011228
201328011229
201328011230
201328011231
201328011232
201328020101
201328020102
201328020103
201328020104
201328020105
201328020106
201328020107
201328020108
201328020109
201328020110
201328020111
201328020112
201328020113
201328020114
201328020115
201328020116
201328020117
201328020118
201328020119
201328020120
201328020121
201328020122
201328020123
201328020124
201328020125
201328020126
201328020127
201328020128
201328020129
201328020130
201328020131
201328020132
201328020201
201328020202
201328020203
201328020204
201328020205
201328020206
201328020207
201328020208
201328020209
201328020210
201328020211
201328020212
201328020213
201328020214
201328020215
201328020216
201328020217
201328020218
201328020219
201328020220
201328020221
201328020222
201328020223
201328020224
201328020225
201328020226
201328020227
201328020228
201328020229
201328020230
201328020231
201328020232
201328020301
201328020302
201328020303
201328020304
201328020305
201328020306
201328020307
201328020308
201328020309
201328020310
201328020311
201328020312
201328020313
201328020314
201328020315
201328020316
201328020317
201328020318
201328020319
201328020320
201328020321
201328020322
201328020323
201328020324
201328020325
201328020326
201328020327
201328020328
201328020329
201328020330
201328020331
201328020332
201328050101
201328050102
201328050103
201328050104
201328050105
201328050106
201328050107
201328050108
201328050109
201328050110
201328050111
201328050112
201328050113
201328050114
201328050115
201328050116
201328050117
201328050118
201328050119
201328050120
201328050121
201328050122
201328050123
201328050124
201328050125
201328050126
201328050127
201328050128
201328050129
201328050130
201328050131
201328050132
201328050133
201328050134
201328050135
201328050136
201328050201
201328050202
201328050203
201328050204
201328050205
201328050206
201328050207
201328050208
201328050209
201328050210
201328050211
201328050212
201328050213
201328050214
201328050215
201328050216
201328050217
201328050218
201328050219
201328050220
201328050221
201328050222
201328050223
201328050224
201328050225
201328050226
201328050227
201328050228
201328050229
201328050230
201328050231
201328050232
201328050233
201328050234
201328050235
201328050236
201329010101
201329010102
201329010103
201329010104
201329010105
201329010106
201329010107
201329010108
201329010109
201329010110
201329010111
201329010112
201329010113
201329010114
201329010115
201329010116
201329010117
201329010118
201329010119
201329010120
201329010121
201329010122
201329010123
201329010124
201329010125
201329010126
201329010127
201329010128
201329010129
201329010130
201329010131
201329010201
201329010202
201329010203
201329010204
201329010205
201329010206
201329010207
201329010208
201329010209
201329010210
201329010211
201329010212
201329010213
201329010214
201329010215
201329010216
201329010217
201329010218
201329010219
201329010220
201329010221
201329010222
201329010223
201329010224
201329010225
201329010226
201329010227
201329010228
201329010229
201329020101
201329020102
201329020103
201329020104
201329020105
201329020106
201329020107
201329020108
201329020109
201329020110
201329020111
201329020112
201329020113
201329020114
201329020115
201329020116
201329020117
201329020118
201329020119
201329020120
201329020121
201329020122
201329020123
201329020124
201329020125
201329020126
201329020127
201329020128
201329020129
201329020130
201329020131
201329020132
201329020133
201329020134
201329020135
201329020136
201329020201
201329020202
201329020203
201329020204
201329020205
201329020206
201329020207
201329020208
201329020209
201329020210
201329020211
201329020212
201329020213
201329020214
201329020215
201329020216
201329020217
201329020218
201329020219
201329020220
201329020221
201329020222
201329020223
201329020224
201329020225
201329020226
201329020227
201329020228
201329020229
201329020230
201329020231
201329020232
201329020233
201329020234
201329020235
201329020301
201329020302
201329020303
201329020304
201329020305
201329020306
201329020307
201329020308
201329020309
201329020310
201329020311
201329020312
201329020313
201329020314
201329020315
201329020316
201329020317
201329020318
201329020319
201329020320
201329020321
201329020322
201329020323
201329020324
201329020325
201329020326
201329020327
201329020328
201329020329
201329020330
201329030101
201329030102
201329030103
201329030104
201329030105
201329030106
201329030107
201329030108
201329030109
201329030110
201329030111
201329030112
201329030113
201329030114
201329030115
201329030116
201329030117
201329030118
201329030119
201329030120
201329030121
201329030122
201329030123
201329030124
201329030125
201329030126
201329030127
201329030128
201329030129
201329030130
201329030131
201329030201
201329030202
201329030203
201329030204
201329030205
201329030206
201329030207
201329030208
201329030209
201329030210
201329030211
201329030212
201329030213
201329030214
201329030215
201329030216
201329030217
201329030218
201329030219
201329030220
201329030221
201329030222
201329030223
201329030224
201329030225
201329030226
201329030227
201329030228
201329030229
201329030230
201329040101
201329040102
201329040103
201329040104
201329040105
201329040106
201329040107
201329040108
201329040109
201329040110
201329040111
201329040112
201329040113
201329040114
201329040115
201329040116
201329040117
201329040118
201329040119
201329040120
201329040121
201329040122
201329040123
201329040124
201329040125
201329040126
201329040127
201329040128
201329040201
201329040202
201329040203
201329040204
201329040205
201329040206
201329040207
201329040208
201329040209
201329040210
201329040211
201329040212
201329040213
201329040214
201329040215
201329040216
201329040217
201329040218
201329040219
201329040220
201329040221
201329040222
201329040223
201329040224
201329040225
201329040226
201329040227
201329040228
201329060101
201329060102
201329060103
201329060104
201329060105
201329060106
201329060107
201329060108
201329060109
201329060110
201329060111
201329060112
201329060113
201329060114
201329060115
201329060116
201329060117
201329060118
201329060119
201329060120
201329060121
201329060122
201329060123
201329060124
201329060125
201329060126
201329060127
201329060128
201329060129
201329060130
201329060131
201329060132
201329060133
201329060134
201329060135
201329060136
201329060137
201329080101
201329080102
201329080103
201329080104
201329080105
201329080106
201329080107
201329080108
201329080109
201329080110
201329080111
201329080112
201329080113
201329080114
201329080115
201329080116
201329080117
201329080118
201329080119
201329080120
201329080121
201329080122
201329080123
201329080124
201329080125
201329080126
201329080127
201329080128
201329080129
201329080130
201329080131
201329080132
201329080201
201329080202
201329080203
201329080204
201329080205
201329080206
201329080207
201329080208
201329080209
201329080210
201329080211
201329080212
201329080213
201329080214
201329080215
201329080216
201329080217
201329080218
201329080219
201329080220
201329080221
201329080222
201329080223
201329080224
201329080225
201329080226
201329080227
201329080228
201329080229
201329080230
201329080231
201329090101
201329090102
201329090103
201329090104
201329090105
201329090106
201329090107
201329090108
201329090109
201329090110
201329090111
201329090112
201329090113
201329090114
201329090115
201329090116
201329090117
201329090118
201329090119
201329090120
201329090121
201329090122
201329090123
201329090124
201329090125
201329090126
201329090127
201329090128
201329090129
201329090130
201331020101
201331020102
201331020103
201331020104
201331020105
201331020106
201331020107
201331020108
201331020109
201331020110
201331020111
201331020112
201331020113
201331020114
201331020115
201331020116
201331020117
201331020118
201331020119
201331020120
201331020121
201331020122
201331020123
201331020124
201331020125
201331020126
201331020127
201331020128
201331020129
201331020130
201331020131
201331020132
201331020133
201331020134
201331020135
201331020136
201331020137
201331020138
201331020139
201331020201
201331020202
201331020203
201331020204
201331020205
201331020206
201331020207
201331020208
201331020209
201331020210
201331020211
201331020212
201331020213
201331020214
201331020215
201331020216
201331020217
201331020218
201331020219
201331020220
201331020221
201331020222
201331020223
201331020224
201331020225
201331020226
201331020227
201331020228
201331020229
201331020230
201331020231
201331020232
201331020233
201331020234
201331020235
201331020236
201331020237
201331020238
201331020301
201331020302
201331020303
201331020304
201331020305
201331020306
201331020307
201331020308
201331020309
201331020310
201331020311
201331020312
201331020313
201331020314
201331020315
201331020316
201331020317
201331020318
201331020319
201331020320
201331020321
201331020322
201331020323
201331020324
201331020325
201331020326
201331020327
201331020328
201331020329
201331020330
201331020331
201331020332
201331020333
201331020334
201331020335
201331020336
201331020337
201331020338
201331020401
201331020402
201331020403
201331020404
201331020405
201331020406
201331020407
201331020408
201331020409
201331020410
201331020411
201331020412
201331020413
201331020414
201331020415
201331020416
201331020417
201331020418
201331020419
201331020420
201331020421
201331020422
201331020423
201331020424
201331020425
201331020426
201331020427
201331020428
201331020429
201331020430
201331020431
201331020432
201331020433
201331020434
201331020435
201331020436
201331020437
201331020438
201331050101
201331050102
201331050103
201331050104
201331050105
201331050106
201331050107
201331050108
201331050109
201331050110
201331050111
201331050112
201331050113
201331050114
201331050115
201331050116
201331050117
201331050118
201331050119
201331050120
201331050121
201331050122
201331050123
201331050124
201331050125
201331050126
201331050127
201331050128
201331050129
201331050130
201331050131
201331050132
201331050133
201331050134
201331050135
201331050136
201331050201
201331050202
201331050203
201331050204
201331050205
201331050206
201331050207
201331050208
201331050209
201331050210
201331050211
201331050212
201331050213
201331050214
201331050215
201331050216
201331050217
201331050218
201331050219
201331050220
201331050221
201331050222
201331050223
201331050224
201331050225
201331050226
201331050227
201331050228
201331050229
201331050230
201331050231
201331050232
201331050233
201331050234
201331050235
201331050301
201331050302
201331050303
201331050304
201331050305
201331050306
201331050307
201331050308
201331050309
201331050310
201331050311
201331050312
201331050313
201331050314
201331050315
201331050316
201331050317
201331050318
201331050319
201331050320
201331050321
201331050322
201331050323
201331050324
201331050325
201331050326
201331050327
201331050328
201331050329
201331050330
201331050331
201331050332
201331050333
201331050334
201331050335
201331050336
201331050337
201331050338
201331050339
201331050340
201331050341
201331050401
201331050402
201331050403
201331050404
201331050405
201331050406
201331050407
201331050408
201331050409
201331050410
201331050411
201331050412
201331050413
201331050414
201331050415
201331050416
201331050417
201331050418
201331050419
201331050420
201331050421
201331050422
201331050423
201331050424
201331050425
201331050426
201331050427
201331050428
201331050429
201331050430
201331050431
201331050432
201331050433
201331050434
201331050435
201331050436
201331050437
201331050438
201331050439
201331050440
201331050501
201331050502
201331050503
201331050504
201331050505
201331050506
201331050507
201331050508
201331050509
201331050510
201331050511
201331050512
201331050513
201331050514
201331050515
201331050516
201331050517
201331050518
201331050519
201331050520
201331050521
201331050522
201331050523
201331050524
201331050525
201331050526
201331050527
201331050528
201331050529
201331050530
201331050531
201331050532
201331050533
201331050534
201331050535
201331050536
201331060101
201331060102
201331060103
201331060104
201331060105
201331060106
201331060107
201331060108
201331060109
201331060110
201331060111
201331060112
201331060113
201331060114
201331060115
201331060116
201331060117
201331060118
201331060119
201331060120
201331060121
201331060122
201331060123
201331060124
201331060125
201331060126
201331060127
201331060128
201331060129
201331060130
201331060131
201331060132
201331060133
201331060134
201331060135
201331060136
201331060137
201331060138
201331060139
201332010101
201332010102
201332010103
201332010104
201332010105
201332010106
201332010107
201332010108
201332010109
201332010110
201332010111
201332010112
201332010113
201332010114
201332010115
201332010116
201332010117
201332010118
201332010119
201332010120
201332010121
201332010122
201332010123
201332010124
201332010125
201332010126
201332010127
201332010128
201332010129
201332010130
201332010131
201332010132
201332010133
201332010134
201332010135
201332010201
201332010202
201332010203
201332010204
201332010205
201332010206
201332010207
201332010208
201332010209
201332010210
201332010211
201332010212
201332010213
201332010214
201332010215
201332010216
201332010217
201332010218
201332010219
201332010220
201332010221
201332010222
201332010223
201332010224
201332010225
201332010226
201332010227
201332010228
201332010229
201332010230
201332010231
201332010232
201332010233
201332010234
201332010301
201332010302
201332010303
201332010304
201332010305
201332010306
201332010307
201332010308
201332010309
201332010310
201332010311
201332010312
201332010313
201332010314
201332010315
201332010316
201332010317
201332010318
201332010319
201332010320
201332010321
201332010322
201332010323
201332010324
201332010325
201332010326
201332010327
201332010328
201332010329
201332010330
201332010331
201332010332
201332010333
201332010334
201332010335
201332010336
201332010401
201332010402
201332010403
201332010404
201332010405
201332010406
201332010407
201332010408
201332010409
201332010410
201332010411
201332010412
201332010413
201332010414
201332010415
201332010416
201332010417
201332010418
201332010419
201332010420
201332010421
201332010422
201332010423
201332010424
201332010425
201332010426
201332010427
201332010428
201332010429
201332010430
201332010431
201332010432
201332010433
201332010434
201332010435
201332010501
201332010502
201332010503
201332010504
201332010505
201332010506
201332010507
201332010508
201332010509
201332010510
201332010511
201332010512
201332010513
201332010514
201332010515
201332010516
201332010517
201332010518
201332010519
201332010520
201332010521
201332010522
201332010523
201332010524
201332010525
201332010526
201332010527
201332010528
201332010529
201332010530
201332010531
201332010532
201332010533
201332010601
201332010602
201332010603
201332010604
201332010605
201332010606
201332010607
201332010608
201332010609
201332010610
201332010611
201332010612
201332010613
201332010614
201332010615
201332010616
201332010617
201332010618
201332010619
201332010620
201332010621
201332010622
201332010623
201332010624
201332010625
201332010626
201332010627
201332010628
201332010629
201332010630
201332040101
201332040102
201332040103
201332040104
201332040105
201332040106
201332040107
201332040108
201332040109
201332040110
201332040111
201332040112
201332040113
201332040114
201332040115
201332040116
201332040117
201332040118
201332040119
201332040120
201332040121
201332040122
201332040123
201332040124
201332040125
201332040126
201332040127
201332040128
201332040129
201332040130
201332040131
201332040132
201332040133
201332040134
201332040135
201332040136
201332040201
201332040202
201332040203
201332040204
201332040205
201332040206
201332040207
201332040208
201332040209
201332040210
201332040211
201332040212
201332040213
201332040214
201332040215
201332040216
201332040217
201332040218
201332040219
201332040220
201332040221
201332040222
201332040223
201332040224
201332040225
201332040226
201332040227
201332040228
201332040229
201332040230
201332040231
201332040232
201332040233
201332040234
201332040235
201332050101
201332050102
201332050103
201332050104
201332050105
201332050106
201332050107
201332050108
201332050109
201332050110
201332050111
201332050112
201332050113
201332050114
201332050115
201332050116
201332050117
201332050118
201332050119
201332050120
201332050121
201332050122
201332050123
201332050124
201332050125
201332050126
201332050127
201332050128
201332050129
201332050130
201332050131
201332050201
201332050202
201332050203
201332050204
201332050205
201332050206
201332050207
201332050208
201332050209
201332050210
201332050211
201332050212
201332050213
201332050214
201332050215
201332050216
201332050217
201332050218
201332050219
201332050220
201332050221
201332050222
201332050223
201332050224
201332050225
201332050226
201332050227
201332050228
201332050229
201332050230
201332050231
201332060101
201332060102
201332060103
201332060104
201332060105
201332060106
201332060107
201332060108
201332060109
201332060110
201332060111
201332060112
201332060113
201332060114
201332060115
201332060116
201332060117
201332060118
201332060119
201332060120
201332060121
201332060122
201332060123
201332060124
201332060125
201332060126
201332060127
201332060128
201332060129
201332060130
201332060131
201332060132
201332060133
201332060134
201332060135
201332060201
201332060202
201332060203
201332060204
201332060205
201332060206
201332060207
201332060208
201332060209
201332060210
201332060211
201332060212
201332060213
201332060214
201332060215
201332060216
201332060217
201332060218
201332060219
201332060220
201332060221
201332060222
201332060223
201332060224
201332060225
201332060226
201332060227
201332060228
201332060229
201332060230
201332060231
201332060232
201332060233
201332060234
201333040101
201333040102
201333040103
201333040104
201333040105
201333040106
201333040107
201333040108
201333040109
201333040110
201333040111
201333040112
201333040113
201333040114
201333040115
201333040116
201333040117
201333040118
201333040119
201333040120
201333040121
201333040122
201333040123
201333040124
201333040125
201333040126
201333040127
201333040128
201333040129
201333040130
201333040131
201333040132
201333040133
201333040134
201333040135
201333040136
201333050101
201333050102
201333050103
201333050104
201333050105
201333050106
201333050107
201333050108
201333050109
201333050110
201333050111
201333050112
201333050113
201333050114
201333050115
201333050116
201333050117
201333050118
201333050119
201333050120
201333050121
201333050122
201333050123
201333050124
201333050125
201333050126
201333050127
201333050128
201333050129
201333050130
201333050131
201333050132
201333050133
201333050134
201333050135
201333050136
201333050137
201333060101
201333060102
201333060103
201333060104
201333060105
201333060106
201333060107
201333060108
201333060109
201333060110
201333060111
201333060112
201333060113
201333060114
201333060115
201333060116
201333060117
201333060118
201333060119
201333060120
201333060121
201333060122
201333060123
201333060124
201333060125
201333060126
201333060127
201333060128
201333060129
201333060130
201333060131
201333060132
201333060133
201333060134
201333060135
201333060136
201333070101
201333070102
201333070103
201333070104
201333070105
201333070106
201333070107
201333070108
201333070109
201333070110
201333070111
201333070112
201333070113
201333070114
201333070115
201333070116
201333070117
201333070118
201333070119
201333070120
201333070121
201333070122
201333070123
201333070124
201333070125
201333070126
201333070127
201333070128
201333070129
201333070130
201333070131
201333080101
201333080102
201333080103
201333080104
201333080105
201333080106
201333080107
201333080108
201333080109
201333080110
201333080111
201333080112
201333080113
201333080114
201333080115
201333080116
201333080117
201333080118
201333080119
201341010101
201341010102
201341010103
201341010104
201341010105
201341010106
201341010107
201341010108
201341010109
201341010110
201341010111
201341010112
201341010113
201341010114
201341010115
201341010116
201341010117
201341010118
201341010119
201341010120
201341010121
201341010122
201341010123
201341010124
201341010125
201341010126
201341010127
201341010128
201341010129
201341010130
201341010201
201341010202
201341010203
201341010204
201341010205
201341010206
201341010207
201341010208
201341010209
201341010210
201341010211
201341010212
201341010213
201341010214
201341010215
201341010216
201341010217
201341010218
201341010219
201341010220
201341010221
201341010222
201341010223
201341010224
201341010225
201341010226
201341010227
201341010228
201341010229
201341010301
201341010302
201341010303
201341010304
201341010305
201341010306
201341010307
201341010308
201341010309
201341010310
201341010311
201341010312
201341010313
201341010314
201341010315
201341010316
201341010317
201341010318
201341010319
201341010320
201341010321
201341010322
201341010323
201341010324
201341010325
201341010326
201341010327
201341010328
201341010329
201341010401
201341010402
201341010403
201341010404
201341010405
201341010406
201341010407
201341010408
201341010409
201341010410
201341010411
201341010412
201341010413
201341010414
201341010415
201341010416
201341010417
201341010418
201341010419
201341010420
201341010421
201341010422
201341010423
201341010424
201341010425
201341010426
201341010427
201341010428
201341010429
201341020101
201341020102
201341020103
201341020104
201341020105
201341020106
201341020107
201341020108
201341020109
201341020110
201341020111
201341020112
201341020113
201341020114
201341020115
201341020116
201341020117
201341020118
201341020119
201341020120
201341020121
201341020122
201341020123
201341020124
201341020125
201341020126
201341020127
201341020128
201341020129
201341020130
201341020201
201341020202
201341020203
201341020204
201341020205
201341020206
201341020207
201341020208
201341020209
201341020210
201341020211
201341020212
201341020213
201341020214
201341020215
201341020216
201341020217
201341020218
201341020219
201341020220
201341020221
201341020222
201341020223
201341020224
201341020225
201341020226
201341020227
201341020228
201341020229
201341030101
201341030102
201341030103
201341030104
201341030105
201341030106
201341030107
201341030108
201341030109
201341030110
201341030111
201341030112
201341030113
201341030114
201341030115
201341030116
201341030117
201341030118
201341030119
201341030120
201341030121
201341030122
201341030123
201341030124
201341030125
201341030126
201341030127
201341030128
201341030129
201341030130
201341030131
201341030201
201341030202
201341030203
201341030204
201341030205
201341030206
201341030207
201341030208
201341030209
201341030210
201341030211
201341030212
201341030213
201341030214
201341030215
201341030216
201341030217
201341030218
201341030219
201341030220
201341030221
201341030222
201341030223
201341030224
201341030225
201341030226
201341030227
201341030228
201341030229
201341030230
