0000000186
0000000216
0000046988
0000052449
0000059320
0000060249
0000062700
0000063893
0000142937
0000170495
0000170834
0000178956
0000194938
0000195031
0000201164
0000000207
0000062572
0000063884
0000203593
0000231914
0000438868
0000000210
0000046289
0000000182
0000000188
0000060126
0000062645
0000178472
0000000060
0000000093
0000000146
0000000173
0000000226
0000000243
0000000377
0000000379
0000000415
0000000421
0000000427
0000001035
0000000425
0000045056
0000001424
0000181416
0000187251
0000195957
0000196190
0000232264
0000232784
0000236748
0000262008
0000293064
0000337964
0000000177
0000049516
0000050504
0000052243
0000053825
0000054251
0000056528
0000060642
0000060657
0000060859
0000061536
0000045528
0000054963
0000054964
0000061811
0000196047
0000000142
0000000231
0000000233
0000000235
0000000237
0000000267
0000000272
0000000275
0000000281
0000000286
0000000392
0000000393
0000000397
0000000409
0000000410
0000179013
0000183699
0000388254
0000399603
0000045104
0000045421
0000050122
0000052331
0000058731
0000058883
0000066914
0000154560
0000178152
0000202320
0000215236
0000222254
0000000090
0000046530
0000049723
0000054048
0000059081
0000044956
0000068807
0000000411
0000001204
0000044799
0000045343
0000045420
0000045484
0000045851
0000047187
0000047784
0000048953
0000049163
0000049682
0000050073
0000052436
0000061663
0000000399
0000491854
0000000160
0000063396
0000064437
0000150763
0000233933
0000049724
0000049725
0000049726
0000059767
0000059858
0000060224
0000062803
0000178964
0000178975
0000253571
0000276124
0000420882
0000422467
0000453106
0000509242
0000607758
0000611435
0000049403
0000049756
0000050810
0000050818
0000051965
0000058918
0000061496
0000063790
0000064576
0000067491
0000136420
0000136423
0000045253
0000046245
0000047001
0000047467
0000049200
0000049623
0000050004
0000055051
0000123312
0000146137
0000162477
0000189510
0000193619
0000197283
0000211181
0000049979
0000051396
0000056670
0000060871
0000060872
0000063021
0000132249
0000178965
0000188806
0000191852
0000196818
0000000191
0000000192
0000051314
0000052066
0000000429
0000048270
0000049638
0000058853
0000059070
0000054955
0000177476
0000235984
0000150764
0000063865
0000132251
0000180768
0000268450
0000306554
0000341088
0000053435
0000054564
0000056610
0000056784
0000057394
0000121382
0000051323
0000146231
0000046125
0000046359
0000046537
0000051465
0000051598
0000053176
0000054324
0000060131
0000061495
0000002168
0000611436
0000611455
0000611456
0000063629
0000001217
0000009605
0000009940
0000060132
0000441379
0000306507
0000436562
0000019273
0000049081
0000045257
0000143738
0000057598
0000058878
0000059412
0000059798
0000061997
0000338466
0000422118
0000426875
0000202743
0000210235
0000222461
0000000091
0000141155
0000146131
0000245774
0000610395
0000000099
0000000147
0000000151
0000000155
0000000208
0000000212
0000000220
0000142950
0000160953
0000000204
0000121529
0000211198
0000000196
0000000391
0000143073
0000000428
0000044830
0000056338
0000063877
0000066857
0000178463
0000195788
0000254577
0000411652
0000420493
0000437959
0000459076
0000459202
0000000107
0000056322
0000059021
0000000080
0000000162
0000265605
0000182668
0000183446
0000067073
0000000106
0000000138
0000058302
0000068083
0000191442
0000195733
0000247560
0000262022
0000309959
0000340825
0000349410
0000355913
0000000206
0000000217
0000059795
0000178940
0000140055
0000141174
0000141175
0000141176
0000141587
0000180548
0000208828
0000217766
0000258957
0000304556
0000047170
0000140961
0000146237
0000329403
0000064962
0000355919
0000339304
0000045939
0000047039
0000049702
0000051001
0000054294
0000054631
0000058619
0000058668
0000059666
0000062096
0000000215
0000233816
0000186412
0000188740
0000203587
0000224857
0000241841
0000340174
0000379361
0000381047
0000383158
0000431233
0000438007
0000439742
0000001514
0000051747
0000064521
0000065569
0000065592
0000121226
0000121227
0000216577
0000237814
0000244602
0000371190
0000060869
0000068065
0000178280
0000196839
0000230469
0000233833
0000235814
0000245193
0000282810
0000317238
0000339678
0000341080
0000004770
0000046482
0000049939
0000055408
0000058282
0000061515
0000459207
0000459246
0000496323
0000528711
0000600118
0000604670
0000390956
0000408984
0000436783
0000488728
0000538643
0000000163
0000000209
0000051740
0000057562
0000059229
0000121237
0000163803
0000220962
0000232911
0000182714
0000184050
0000203686
0000240504
0000240849
0000246354
0000246407
0000247110
0000247112
0000247113
0000247114
0000394258
0000411012
0000009935
0000010407
0000063632
0000063823
0000388239
0000475844
0000617557
0000010212
0000048617
0000062683
0000131433
0000131442
0000181164
0000196785
0000044962
0000057543
0000057544
0000058458
0000058459
0000064566
0000064587
0000064895
0000067928
0000067934
0000175832
0000180711
0000196210
0000001215
0000001228
0000001487
0000001513
0000001516
0000001519
0000001523
0000001647
0000059388
0000053290
0000060870
0000360893
0000366237
0000376230
0000377472
0000392131
0000393639
0000393664
0000399169
0000412284
0000419659
0000464700
0000468869
0000000199
0000056699
0000065597
0000000032
0000058095
0000060344
0000061677
0000064431
0000067819
0000163007
0000175548
0000177346
0000179511
0000180549
0000186304
0000190548
0000200467
0000046908
0000177874
0000243319
0000481775
0000002598
0000002919
0000049210
0000050950
0000054943
0000054960
0000055363
0000056491
0000056870
0000057487
0000058795
0000000039
0000060421
0000002461
0000047976
0000051826
0000052169
0000052631
0000053620
0000059084
0000123300
0000175078
0000187198
0000206358
0000218027
0000301497
0000319608
0000208231
0000226830
0000235919
0000245149
0000395491
0000241846
0000262004
0000262005
0000188625
0000208293
0000210988
0000229161
0000232777
0000260031
0000511764
0000052657
0000061073
0000061631
0000291307
0000421317
0000515251
0000047350
0000205085
0000235782
0000409974
0000424736
0000458834
0000009601
0000010132
0000010136
0000010182
0000010217
0000010220
0000010222
0000010224
0000010226
0000010229
0000044839
0000045067
0000045342
0000047452
0000059791
0000010123
0000010128
0000010218
0000046910
0000142945
0000195988
0000244636
0000003108
0000067087
0000314303
0000317014
0000335093
0000337944
0000340884
0000349590
0000359402
0000366575
0000404555
0000423547
0000056798
0000183727
0000225549
0000514401
0000388229
0000408278
0000181018
0000206357
0000214198
0000222326
0000232858
0000233832
0000276122
0000366453
0000406057
0000408262
0000471885
0000177404
0000459074
0000496666
0000010214
0000045155
0000056636
0000339721
0000349545
0000366545
0000406078
0000421832
0000425103
0000496317
0000000164
0000048908
0000060229
0000199089
0000057954
0000143478
0000144423
0000252540
0000380120
0000195789
0000250524
0000064953
0000179015
0000180721
0000195824
0000195826
0000196056
0000196523
0000230582
0000262042
0000290854
0000290857
0000316359
0000341098
0000365515
0000000320
0000000341
0000000446
0000000454
0000000481
0000000543
0000000728
0000000731
0000009111
0000059111
0000143083
0000290829
0000355538
0000355872
0000002257
0000002258
0000002265
0000127921
0000127938
0000154321
0000155465
0000210520
0000000143
0000000145
0000194941
0000194989
0000433439
0000142958
0000337746
0000344248
0000406796
0000407368
0000571676
0000045326
0000155197
0000229673
0000312112
0000048108
0000138743
0000142984
0000143257
0000143270
0000143499
0000000693
0000000694
0000000695
0000000696
0000000697
0000000698
0000000700
0000000702
0000000703
0000000704
0000000705
0000000706
0000000707
0000000708
0000000709
0000001398
0000242371
0000424175
0000058044
0000209019
0000344250
0000045199
0000291019
0000491512
0000491816
0000492035
0000496091
0000496092
0000496105
0000010130
0000045294
0000234914
0000253185
0000303834
0000057232
0000222438
0000067344
0000233817
0000000144
0000045437
0000046364
0000144316
0000159422
0000287388
0000398773
0000580159
0000058429
0000187027
0000193488
0000208297
0000208439
0000208998
0000213218
0000283785
0000367472
0000408084
0000425628
0000437404
0000437907
0000405958
0000002252
0000002253
0000002264
0000002269
0000002471
0000002482
0000002497
0000002518
0000002524
0000002525
0000002530
0000002532
0000002534
0000518143
0000044800
0000045118
0000232838
0000244633
0000341092
0000355945
0000361405
0000362349
0000002529
0000002535
0000394171
0000406608
0000515250
0000594598
0000062588
0000187419
0000195433
0000360987
0000379368
0000387245
0000419704
0000419705
0000420509
0000420680
0000420876
0000433916
0000436942
0000489857
0000144297
0000420578
0000420596
0000063824
0000121515
0000177486
0000133659
0000000378
0000000426
0000047448
0000051400
0000058800
0000058870
0000232803
0000010122
0000000995
0000001425
0000001586
0000002304
0000045855
0000047146
0000048159
0000048628
0000050999
0000051963
0000052649
0000053483
0000056956
0000057245
0000000715
0000059804
0000420741
0000050308
0000056657
0000496110
0000496111
0000496112
0000496113
0000496114
0000050500
0000186803
0000186930
0000195725
0000213006
0000214764
0000215589
0000222357
0000228030
0000234020
0000241658
0000496115
0000524819
0000524820
0000214170
0000339980
0000142968
0000143222
0000144305
0000251951
0000283362
0000486166
0000002568
0000002573
0000002576
0000002685
0000002795
0000002798
0000002800
0000009938
0000423821
0000485162
0000045293
0000366290
0000466106
0000496056
0000064776
0000136436
0000000713
0000000725
0000000732
0000000737
0000000764
0000000765
0000000779
0000000809
0000000810
0000045270
0000045316
0000045426
0000046103
0000046485
0000046701
0000057894
0000058300
0000058979
0000068920
0000175074
0000234349
0000236444
0000261898
0000123326
0000222239
0000299441
0000358371
0000378886
0000378907
0000424050
0000433094
0000002658
0000002900
0000050124
0000058393
0000062540
0000062542
0000062719
0000143526
0000143561
0000165568
0000179589
0000183779
0000189021
0000213223
0000053770
0000068136
0000162630
0000186407
0000205271
0000207295
0000258520
0000304589
0000390317
0000423936
0000515229
0000211872
0000144301
0000142955
0000152457
0000411659
0000480544
0000058292
0000195043
0000000853
0000000859
0000000864
0000000874
0000000887
0000000901
0000000904
0000000910
0000000918
0000001022
0000001029
0000001032
0000001036
0000001043
0000001071
0000132153
0000186934
0000195470
0000206753
0000208115
0000000837
0000000838
0000000850
0000000852
0000000855
0000000860
0000000871
0000000872
0000000892
0000000894
0000207330
0000245746
0000254941
0000339542
0000341700
0000393319
0000615225
0000341094
0000002584
0000002796
0000064949
0000121542
0000143440
0000143502
0000143522
0000121175
0000203848
0000198007
0000421154
0000000913
0000000933
0000001006
0000045192
0000046246
0000050938
0000053451
0000053948
0000054049
0000056620
0000058462
0000000312
0000000315
0000000321
0000000323
0000000324
0000000327
0000000330
0000000346
0000000354
0000000436
0000000451
0000000456
0000000457
0000000460
0000000601
0000000305
0000000521
0000001500
0000054814
0000002801
0000381971
0000001067
0000001068
0000001287
0000046676
0000046679
0000002655
0000002701
0000002740
0000002742
0000002749
0000002757
0000002773
0000003797
0000052394
0000060792
0000062203
0000064435
0000065968
0000068805
0000121539
0000052648
0000161310
0000192513
0000278170
0000297425
0000143524
0000143531
0000143548
0000001086
0000001095
0000001098
0000001103
0000001108
0000001109
0000228127
0000436874
0000437719
0000465366
0000467550
0000511771
0000601519
0000615030
0000000329
0000000334
0000000335
0000000340
0000000356
0000000360
0000196240
0000455655
0000129596
0000056862
0000000178
0000000394
0000000396
0000002648
0000050072
0000337812
0000049674
0000201123
0000583441
0000000911
0000001430
0000001438
0000001441
0000001446
0000001451
0000001454
0000001464
0000001490
0000001508
0000001554
0000001639
0000396113
0000001039
0000001088
0000001089
0000186504
0000224384
0000059151
0000183514
0000210965
0000291143
0000349537
0000357892
0000195906
0000255856
0000392170
0000427367
0000436456
0000607619
0000054853
0000048625
0000046807
0000053126
0000054518
0000054771
0000054815
0000062670
0000064931
0000066405
0000144476
0000154073
0000155380
0000159568
0000058814
0000061093
0000061699
0000000322
0000000325
0000000365
0000000367
0000000368
0000000369
0000048124
0000178948
0000201128
0000002610
0000002613
0000002912
0000044817
0000143680
0000143753
0000143812
0000143824
0000060171
0000068021
0000121544
0000000087
0000062699
0000102080
0000172952
0000196845
0000242257
0000247418
0000309968
0000341680
0000374032
0000383785
0000062051
0000066776
0000067340
0000213187
0000213220
0000227966
0000232936
0000262068
0000267155
0000268449
0000311608
0000335433
0000337739
0000061340
0000195065
0000213049
0000235601
0000060129
0000061504
0000062657
0000064520
0000067224
0000195903
0000218203
0000234995
0000281676
0000301095
0000330742
0000332733
0000211654
0000050553
0000174300
0000366446
0000045601
0000047942
0000068026
0000121390
0000298839
0000385359
0000395888
0000396171
0000397051
0000471846
0000047030
0000048015
0000048649
0000049667
0000049757
0000050164
0000053341
0000121278
0000123295
0000135755
0000143225
0000143228
0000211060
0000289902
0000298554
0000304626
0000339672
0000339898
0000341141
0000347858
0000349420
0000349440
0000350548
0000351295
0000301533
0000390993
0000394170
0000420941
0000469120
0000192515
0000196784
0000196918
0000209150
0000236329
0000438067
0000449466
0000466500
0000602757
0000618076
0000376188
0000045932
0000291558
0000179010
0000181470
0000195787
0000196830
0000214218
0000341627
0000360727
0000366115
0000376086
0000053817
0000061995
0000062037
0000485620
0000501719
0000159425
0000001101
0000001102
0000001141
0000001231
0000001235
0000313088
0000222344
0000236764
0000001492
0000001495
0000001612
0000045824
0000046034
0000048177
0000055349
0000059872
0000061717
0000121218
0000172701
0000213960
0000238335
0000255283
0000044810
0000341701
0000296329
0000301731
0000305840
0000339507
0000339585
0000363842
0000358439
0000182058
0000196422
0000213184
0000222432
0000232839
0000240836
0000290860
0000390311
0000391220
0000496087
0000496265
0000496710
0000496819
0000562953
0000564143
0000564144
0000565836
0000594936
0000245779
0000274859
0000163068
0000199107
0000201122
0000208995
0000277650
0000283105
0000377279
0000390722
0000427494
0000484575
0000045254
0000048555
0000054421
0000203468
0000305981
0000420796
0000421089
0000332735
0000360920
0000045913
0000046036
0000059043
0000000739
0000000766
0000000776
0000000781
0000000796
0000044706
0000144311
0000161473
0000223344
