0000000203
0000000209
0000046389
0000060593
0000232795
0000202743
0000222461
0000265605
0000002801
0000409284
0000476548
0000607921
0000064463
0000196010
0000058429
0000132153
0000186930
0000186934
0000187027
0000193488
0000195470
0000195725
0000206753
0000208115
0000208297
0000010114
0000049836
0000052045
0000052095
0000123304
0000156951
0000184378
0000009635
0000152448
0000210546
0000408304
0000177473
0000181160
0000196269
0000229204
0000232014
0000233829
0000234212
0000234213
0000339854
0000423821
0000485162
0000571957
0000196198
0000196423
0000199078
0000421219
0000514084
0000225549
0000242261
0000262058
0000268543
0000355927
0000358353
0000372037
0000399179
0000399347
0000418202
0000421390
0000423238
0000048124
0000222239
0000236516
0000459426
0000355945
0000361405
0000362349
0000366213
0000366440
0000366441
0000367488
0000420741
0000421376
0000426971
0000194943
0000195314
0000197297
0000218210
0000228445
0000244719
0000366304
0000376211
0000408288
0000408463
0000416328
0000132188
0000143221
0000000378
0000047448
0000051400
0000058800
0000058870
0000232803
0000123326
0000299441
0000378587
0000378597
0000002697
0000121545
0000121546
0000196648
0000202810
0000203164
0000232843
0000245157
0000002372
0000046220
0000047160
0000047339
0000047473
0000047818
0000048084
0000048326
0000049197
0000049905
0000050058
0000051631
0000052612
0000052706
0000052793
0000247559
0000067904
0000048626
0000060129
0000061504
0000062657
0000064520
0000067224
0000195903
0000218203
0000234995
0000245774
0000281676
0000373479
0000471831
0000000045
0000000100
0000000162
0000059866
0000060228
0000048318
0000177881
0000301095
0000330742
0000332733
0000332735
0000339402
0000378595
0000383351
0000388249
0000420845
0000496120
0000373387
0000392240
0000417916
0000419729
0000178948
0000201128
0000344250
0000061750
0000393653
0000538480
0000045253
0000046245
0000047001
0000047467
0000049200
0000049623
0000050004
0000055051
0000123312
0000146137
0000162477
0000189510
0000193619
0000197283
0000211181
0000132251
0000180768
0000341088
0000048519
0000148682
0000148687
0000156848
0000233812
0000353783
0000045486
0000051687
0000052237
0000052328
0000052403
0000057474
0000058749
0000060181
0000060417
0000063908
0000213244
0000222434
0000233660
0000378586
0000378618
0000388240
0000391313
0000391319
0000392201
0000394904
0000419289
0000471858
0000162965
0000530387
0000197296
0000378942
0000420572
0000420989
0000430916
0000496651
0000566112
0000066483
0000002658
0000002900
0000050124
0000058393
0000062540
0000062542
0000062719
0000143526
0000143561
0000165568
0000179589
0000183779
0000189021
0000213223
0000067841
0000178170
0000213253
0000259951
0000268451
0000557887
0000065569
0000059131
0000059132
0000059133
0000059134
0000059135
0000059136
0000002168
0000053435
0000054564
0000056610
0000056784
0000121382
0000046125
0000046359
0000046537
0000051465
0000051598
0000053176
0000054324
0000228127
0000057394
0000063629
0000051655
0000052535
0000000183
0000132266
0000132268
0000480566
0000001464
0000046737
0000047208
0000048745
0000049263
0000051593
0000052224
0000052271
0000053353
0000055070
0000058004
0000058732
0000059268
0000046908
0000144419
0000228045
0000392232
0000524870
0000000426
0000004781
0000065602
0000177813
0000178444
0000178445
0000196182
0000196835
0000187419
0000195433
0000366996
0000388228
0000469401
0000208998
0000213218
0000222344
0000222357
0000234020
0000236764
0000283785
0000296329
0000301731
0000305840
0000048703
0000059968
0000061094
0000455655
0000211060
0000244659
0000289902
0000298554
0000304626
0000339672
0000339898
0000341141
0000347858
0000349420
0000349440
0000350548
0000046527
0000195014
0000224555
0000232893
0000290858
0000121529
0000182058
0000196422
0000213184
0000222432
0000232839
0000240836
0000290860
0000390311
0000391220
0000164371
0000394259
0000000099
0000000147
0000000151
0000000155
0000000208
0000000212
0000000220
0000142950
0000160953
0000389763
0000477189
0000045118
0000044852
0000046173
0000046305
0000048536
0000049932
0000050042
0000052152
0000056745
0000057556
0000057691
0000009601
0000010132
0000010136
0000010222
0000010226
0000010229
0000044839
0000045067
0000045342
0000057954
0000121033
0000143499
0000144297
0000068829
0000121515
0000496277
0000483449
0000351295
0000140961
0000019325
0000045050
0000047531
0000049033
0000049227
0000049428
0000049627
0000049964
0000050276
0000010122
0000010182
0000010217
0000010218
0000010220
0000010224
0000339507
0000339585
0000367071
0000212187
0000001514
0000051747
0000064521
0000065592
0000121226
0000121227
0000216577
0000237814
0000244602
0000371190
0000174300
0000360920
0000050500
0000186504
0000186803
0000207330
0000213006
0000214764
0000215589
0000224384
0000060171
0000068021
0000121544
0000358439
0000361320
0000291019
0000491512
0000491816
0000492035
0000496091
0000496092
0000496105
0000059388
0000390956
0000408984
0000436783
0000000196
0000000391
0000143073
0000470233
0000485144
0000067073
0000049232
0000237369
0000355952
0000377155
0000605330
0000000404
0000000206
0000000217
0000611637
0000050606
0000051009
0000051086
0000051234
0000064953
0000067134
0000195861
0000197138
0000247562
0000196837
0000496110
0000496111
0000496112
0000496113
0000496114
0000496115
0000524819
0000524820
0000061721
0000061725
0000179593
0000183721
0000344196
0000428566
0000437406
0000437900
0000468705
0000486048
0000501988
0000502179
0000519276
0000391275
0000419571
0000431256
0000459201
0000491563
0000491564
0000010123
0000010128
0000010130
0000060149
0000061960
0000182035
0000421397
0000144301
0000144316
0000518083
0000607700
0000045921
0000047079
0000047379
0000047632
0000047906
0000047923
0000047952
0000048227
0000048228
0000048262
0000048614
0000049530
0000049704
0000046310
0000047380
0000049130
0000057598
0000058878
0000059412
0000059798
0000061997
0000133659
0000142955
0000152457
0000411659
0000480544
0000044732
0000058274
0000059865
0000051690
0000424205
0000001332
0000046726
0000046888
0000048746
0000049431
0000050292
0000052674
0000050705
0000052959
0000052978
0000054217
0000121047
0000000204
0000057363
0000061182
0000121373
0000228096
0000228843
0000241467
0000322392
0000009768
0000009769
0000009770
0000009771
0000009772
0000009834
0000009836
0000009838
0000009840
0000010214
0000045312
0000049077
0000381106
0000438340
0000459207
0000459246
0000496323
0000528711
0000600118
0000604670
0000132184
0000160011
0000283213
0000420513
0000422074
0000278003
0000339767
0000339807
0000355746
0000306162
0000306506
0000316334
0000337047
0000392532
0000408942
0000462144
0000496090
0000565874
0000045601
0000047942
0000061515
0000068026
0000121390
0000298839
0000385359
0000395888
0000396171
0000397051
0000471846
0000488728
0000538643
0000051222
0000054596
0000191942
0000322981
0000339211
0000362394
0000425184
0000484746
0000051740
0000057562
0000059229
0000121237
0000163803
0000220962
0000232911
0000051323
0000601440
0000601889
0000061596
0000459217
0000002701
0000002740
0000002742
0000002749
0000002757
0000002773
0000052394
0000060792
0000062203
