0000000151
0000000151
0000000155
0000000208
0000000212
0000000151
0000000155
0000000208
0000000212
0000000220
0000142950
0000160953
0000389763
0000477189
0000045118
0000044852
0000046173
0000046305
0000048536
0000049932
0000050042
0000052152
0000056745
0000057556
0000057691
0000009601
0000010132
0000010136
0000010222
0000010226
0000010229
0000044839
0000045067
0000045342
0000057954
0000121033
0000143499
0000144297
0000068829
0000121515
0000496277
0000483449
0000351295
0000140961
0000019325
0000045050
0000047531
0000049033
0000049227
0000049428
0000049627
0000049964
0000050276
0000010122
0000010182
0000010217
0000010218
0000010220
0000010224
0000339507
0000339585
0000367071
0000212187
0000001514
0000051747
0000064521
0000065592
0000121226
0000121227
0000216577
0000237814
0000244602
0000371190
0000174300
0000360920
0000050500
0000186504
0000186803
0000207330
0000213006
0000214764
0000215589
0000224384
0000060171
0000068021
0000121544
0000358439
0000361320
0000291019
0000491512
0000491816
0000492035
0000496091
0000496092
0000496105
0000059388
0000390956
0000408984
0000436783
0000000196
0000000391
0000143073
0000470233
0000485144
0000067073
0000049232
0000237369
0000355952
0000377155
0000605330
0000000404
0000000206
0000000217
0000611637
0000050606
0000051009
0000051086
0000051234
0000064953
0000067134
0000195861
0000197138
0000247562
0000196837
0000496110
0000496111
0000496112
0000496113
0000496114
0000496115
0000524819
0000524820
0000061721
0000061725
0000179593
0000183721
0000344196
0000428566
0000437406
0000437900
0000468705
0000486048
0000501988
0000502179
0000519276
0000391275
0000419571
0000431256
0000459201
0000491563
0000491564
0000010123
0000010128
0000010130
0000060149
0000061960
0000182035
0000421397
0000144301
0000144316
0000518083
0000607700
0000045921
0000047079
0000047379
0000047632
0000047906
0000047923
0000047952
0000048227
0000048228
0000048262
0000048614
0000049530
0000049704
0000046310
0000047380
0000049130
0000057598
0000058878
0000059412
0000059798
0000061997
0000133659
0000142955
0000152457
0000411659
0000480544
0000044732
0000058274
0000059865
0000051690
0000424205
0000001332
0000046726
0000046888
0000048746
0000049431
0000050292
0000052674
0000050705
0000052959
0000052978
0000054217
0000121047
0000000204
0000057363
0000061182
0000121373
0000228096
0000228843
0000241467
0000322392
0000009768
0000009769
0000009770
0000009771
0000009772
0000009834
0000009836
0000009838
0000009840
0000010214
0000045312
0000049077
0000381106
0000438340
0000459207
0000459246
0000496323
0000528711
0000600118
0000604670
0000132184
0000160011
0000283213
0000420513
0000422074
0000278003
0000339767
0000339807
0000355746
0000306162
0000306506
0000316334
0000337047
0000392532
0000408942
0000462144
0000496090
0000565874
0000045601
0000047942
0000061515
0000068026
0000121390
0000298839
0000385359
0000395888
0000396171
0000397051
0000471846
0000488728
0000538643
0000051222
0000054596
0000191942
0000322981
0000339211
0000362394
0000425184
0000484746
0000051740
0000057562
0000059229
0000121237
0000163803
0000220962
0000232911
0000051323
0000601440
0000601889
0000061596
0000459217
0000002701
0000002740
0000002742
0000002749
0000002757
0000002773
0000052394
0000060792
0000062203
